473	11	474	0	0
429	9	430	0	0
482	12	480	0	0
3	0	4	0	0
33	0	34	0	0
452	10	439	0	0
334	5	320	0	0
26	1	27	0	0
423	9	427	0	0
166	1	139	0	0
87	1	190	0	0
482	12	477	0	0
52	12	121	0	0
3	1	5	0	0
92	1	193	0	0
117	10	441	0	0
26	0	27	0	0
205	10	439	0	0
485	14	493	0	0
299	12	479	0	0
276	1	131	0	0
153	1	87	0	0
132	1	133	0	0
168	1	139	0	0
52	12	149	0	0
18	0	19	0	0
276	10	439	0	0
282	10	438	0	0
360	5	322	0	0
156	1	32	0	0
336	5	318	0	0
204	12	203	0	0
452	10	438	0	0
209	1	133	0	0
189	10	439	0	0
168	10	439	0	0
202	10	451	0	0
169	10	439	0	0
364	10	434	0	0
364	5	324	0	0
52	12	216	0	0
284	1	81	0	0
93	1	62	0	0
252	1	223	0	0
370	5	321	0	0
350	5	340	0	0
202	1	139	0	0
433	11	461	0	0
143	10	439	0	0
433	11	460	0	0
217	10	439	0	0
234	1	235	0	0
3	0	5	0	0
342	5	323	0	0
287	5	321	0	0
405	8	400	0	0
359	5	324	0	0
302	5	328	0	0
356	5	357	0	0
365	5	325	0	0
148	10	438	0	0
226	10	439	0	0
365	5	323	0	0
52	12	242	0	0
255	1	223	0	0
272	10	439	0	0
429	9	430	0	0
128	10	438	0	0
198	10	438	0	0
222	1	120	0	0
125	1	48	0	0
245	1	48	0	0
264	5	324	0	0
194	3	9	0	0
268	10	436	0	0
358	5	322	0	0
140	10	438	0	0
178	12	177	0	0
101	12	179	0	0
358	5	327	0	0
30	3	10	0	0
309	5	322	0	0
307	5	324	0	0
289	3	64	0	0
277	1	47	0	0
345	5	328	0	0
332	5	330	0	0
207	3	10	0	0
362	5	323	0	0
54	1	48	0	0
93	10	436	0	0
138	1	139	0	0
299	12	191	0	0
217	1	129	0	0
33	1	34	0	0
36	3	10	0	0
239	10	436	0	0
126	1	115	0	0
165	10	439	0	0
351	10	434	0	0
244	10	439	0	0
262	1	210	0	0
12	0	13	0	0
350	5	325	0	0
14	3	10	0	0
151	10	439	0	0
365	5	322	0	0
299	12	478	0	0
395	7	306	0	0
52	12	263	0	0
299	5	328	0	0
249	1	139	0	0
122	10	438	0	0
105	10	438	0	0
187	1	137	0	0
165	10	438	0	0
148	10	439	0	0
341	5	338	0	0
105	1	106	0	0
366	5	353	0	0
359	10	434	0	0
264	5	322	0	0
167	1	139	0	0
260	1	270	0	0
279	1	196	0	0
350	5	322	0	0
159	10	439	0	0
299	5	324	0	0
155	1	139	0	0
199	1	108	0	0
12	1	13	0	0
348	5	323	0	0
151	1	129	0	0
360	5	324	0	0
205	1	139	0	0
332	9	408	0	0
431	9	422	0	0
301	10	448	0	0
350	5	323	0	0
299	12	236	0	0
31	1	32	0	0
363	5	327	0	0
405	8	400	0	0
299	5	325	0	0
278	10	439	0	0
347	5	325	0	0
203	1	204	0	0
203	10	438	0	0
317	4	316	0	0
342	10	434	0	0
344	5	322	0	0
404	8	402	0	0
56	1	48	0	0
102	1	103	0	0
360	5	327	0	0
263	1	150	0	0
20	3	10	0	0
85	1	48	0	0
173	1	106	0	0
394	7	306	0	0
404	8	400	0	0
305	5	322	0	0
426	9	427	0	0
227	1	46	0	0
177	10	438	0	0
348	5	325	0	0
179	1	101	0	0
23	0	24	0	0
155	10	438	0	0
243	1	147	0	0
183	1	137	0	0
252	10	436	0	0
312	4	313	0	0
12	0	37	0	0
350	10	434	0	0
224	1	178	0	0
173	10	438	0	0
475	11	461	0	0
272	1	185	0	0
359	5	322	0	0
68	1	69	0	0
187	10	439	0	0
456	10	439	0	0
119	10	445	0	0
475	11	463	0	0
347	5	324	0	0
348	10	434	0	0
283	10	438	0	0
360	5	323	0	0
7	10	445	0	0
184	10	451	0	0
167	10	438	0	0
9	3	10	0	0
344	5	324	0	0
254	10	436	0	0
238	10	438	0	0
307	5	322	0	0
299	12	232	0	0
259	1	223	0	0
88	1	70	0	0
316	4	317	0	0
315	4	314	0	0
3	0	6	0	0
406	8	400	0	0
180	10	444	0	0
275	1	103	0	0
98	10	438	0	0
299	12	197	0	0
9	5	10	0	0
80	1	81	0	0
262	10	442	0	0
299	12	53	0	0
347	5	322	0	0
309	10	434	0	0
3	1	6	0	0
264	5	325	0	0
366	11	460	0	0
299	12	195	0	0
358	5	324	0	0
166	10	439	0	0
271	1	52	0	0
344	5	328	0	0
241	10	439	0	0
137	12	187	0	0
14	0	16	0	0
213	10	438	0	0
361	5	324	0	0
215	1	9	0	0
239	1	240	0	0
462	14	499	0	0
146	1	129	0	0
369	5	354	0	0
364	5	327	0	0
482	12	233	0	0
229	10	438	0	0
130	10	439	0	0
406	8	400	0	0
121	1	52	0	0
482	12	197	0	0
29	3	10	0	0
264	5	328	0	0
287	5	335	0	0
244	10	438	0	0
92	10	446	0	0
339	5	324	0	0
299	5	323	0	0
349	5	325	0	0
196	1	197	0	0
258	1	50	0	0
362	5	324	0	0
194	1	9	0	0
254	1	223	0	0
404	8	400	0	0
299	12	233	0	0
349	10	434	0	0
309	5	325	0	0
102	10	436	0	0
7	1	9	0	0
7	10	444	0	0
359	5	323	0	0
404	8	400	0	0
361	5	340	0	0
367	5	357	0	0
201	3	297	0	0
90	10	438	0	0
361	5	325	0	0
349	5	323	0	0
482	12	478	0	0
345	5	327	0	0
68	10	438	0	0
351	5	325	0	0
246	10	446	0	0
179	10	439	0	0
349	5	324	0	0
268	1	116	0	0
299	5	322	0	0
42	10	434	0	0
432	9	425	0	0
238	1	129	0	0
188	10	439	0	0
110	3	10	0	0
125	10	436	0	0
264	5	327	0	0
242	1	52	0	0
352	10	434	0	0
183	10	439	0	0
344	5	325	0	0
31	0	32	0	0
250	10	444	0	0
42	5	328	0	0
177	10	439	0	0
68	10	439	0	0
123	12	95	0	0
283	1	139	0	0
159	10	451	0	0
201	10	437	0	0
347	10	434	0	0
362	10	434	0	0
349	5	340	0	0
345	5	322	0	0
288	3	64	0	0
314	4	315	0	0
361	5	322	0	0
74	1	75	0	0
348	5	324	0	0
307	5	328	0	0
287	5	354	0	0
426	9	428	0	0
309	5	324	0	0
14	1	16	0	0
403	8	400	0	0
482	12	186	0	0
359	5	327	0	0
341	5	318	0	0
123	12	172	0	0
141	10	437	0	0
124	10	438	0	0
161	1	176	0	0
299	12	477	0	0
363	5	325	0	0
140	10	439	0	0
122	10	439	0	0
351	5	328	0	0
269	10	441	0	0
98	10	439	0	0
12	1	37	0	0
142	10	438	0	0
305	5	324	0	0
282	10	439	0	0
241	1	139	0	0
159	1	81	0	0
42	5	324	0	0
305	5	325	0	0
127	1	123	0	0
130	10	438	0	0
365	10	434	0	0
351	5	322	0	0
279	1	120	0	0
119	3	111	0	0
473	11	463	0	0
302	5	322	0	0
100	10	438	0	0
137	12	183	0	0
249	10	439	0	0
189	10	438	0	0
184	1	185	0	0
299	10	434	0	0
154	1	129	0	0
249	10	438	0	0
176	3	294	0	0
362	5	327	0	0
184	10	439	0	0
347	5	327	0	0
192	1	193	0	0
98	1	69	0	0
302	5	327	0	0
347	5	323	0	0
336	5	337	0	0
128	1	129	0	0
366	11	458	0	0
216	1	150	0	0
226	10	438	0	0
136	1	137	0	0
200	10	444	0	0
364	5	322	0	0
224	10	439	0	0
142	1	129	0	0
299	12	186	0	0
284	10	438	0	0
299	12	481	0	0
302	5	324	0	0
123	1	111	0	0
224	10	438	0	0
363	5	322	0	0
9	1	10	0	0
213	1	81	0	0
138	10	438	0	0
339	5	322	0	0
198	1	129	0	0
165	1	129	0	0
143	1	129	0	0
309	5	328	0	0
366	11	459	0	0
170	1	9	0	0
482	12	232	0	0
40	3	10	0	0
90	10	439	0	0
405	8	402	0	0
227	1	47	0	0
303	3	298	0	0
71	3	11	0	0
161	10	442	0	0
128	10	439	0	0
431	9	422	0	0
475	11	460	0	0
363	5	324	0	0
365	5	324	0	0
123	12	127	0	0
7	0	9	0	0
309	5	327	0	0
352	5	323	0	0
345	5	325	0	0
154	10	438	0	0
345	10	434	0	0
203	10	439	0	0
100	1	101	0	0
198	10	439	0	0
426	9	428	0	0
167	10	439	0	0
358	5	325	0	0
365	5	340	0	0
406	8	400	0	0
199	1	77	0	0
149	1	52	0	0
369	5	338	0	0
258	1	50	0	0
261	1	59	0	0
226	1	131	0	0
209	10	450	0	0
100	10	439	0	0
456	10	438	0	0
222	1	234	0	0
403	8	400	0	0
365	5	327	0	0
288	10	445	0	0
305	10	434	0	0
80	10	439	0	0
12	1	38	0	0
305	5	323	0	0
269	1	270	0	0
230	1	48	0	0
280	1	52	0	0
137	12	278	0	0
275	10	436	0	0
299	12	480	0	0
78	10	448	0	0
350	5	324	0	0
246	1	193	0	0
42	5	322	0	0
482	12	479	0	0
188	1	139	0	0
289	10	445	0	0
222	1	47	0	0
52	12	280	0	0
137	12	136	0	0
12	0	38	0	0
229	10	439	0	0
146	10	438	0	0
475	11	459	0	0
349	5	327	0	0
299	12	235	0	0
277	10	436	0	0
42	5	325	0	0
299	5	327	0	0
61	1	62	0	0
88	3	296	0	0
352	5	328	0	0
423	9	424	0	0
56	1	48	0	0
334	5	335	0	0
343	5	318	0	0
216	1	52	0	0
313	4	312	0	0
342	5	325	0	0
263	1	52	0	0
169	1	101	0	0
146	10	439	0	0
482	12	481	0	0
344	5	323	0	0
332	5	318	0	0
299	12	231	0	0
345	5	324	0	0
272	10	438	0	0
307	5	327	0	0
264	5	323	0	0
124	1	81	0	0
3	1	4	0	0
192	10	446	0	0
141	3	10	0	0
74	10	444	0	0
342	5	322	0	0
172	1	123	0	0
138	10	439	0	0
52	1	53	0	0
151	10	438	0	0
278	1	137	0	0
7	0	10	0	0
21	1	22	0	0
166	10	438	0	0
80	10	438	0	0
126	3	296	0	0
482	12	236	0	0
142	10	439	0	0
358	5	323	0	0
256	1	223	0	0
351	5	327	0	0
302	10	434	0	0
245	10	436	0	0
105	10	439	0	0
237	1	186	0	0
433	11	458	0	0
101	12	100	0	0
154	10	439	0	0
341	5	330	0	0
74	3	294	0	0
360	10	434	0	0
359	5	325	0	0
280	1	150	0	0
361	5	323	0	0
364	5	323	0	0
117	1	95	0	0
482	12	195	0	0
339	5	340	0	0
42	5	327	0	0
111	12	123	0	0
352	5	324	0	0
307	5	323	0	0
360	5	325	0	0
42	5	323	0	0
101	12	169	0	0
0	1	16	0	0
299	12	190	0	0
217	10	438	0	0
405	8	400	0	0
23	1	24	0	0
17	3	10	0	0
136	10	439	0	0
61	10	436	0	0
482	12	191	0	0
21	0	22	0	0
364	5	340	0	0
339	5	323	0	0
213	10	439	0	0
287	5	331	0	0
368	7	64	0	0
482	12	231	0	0
205	10	438	0	0
345	5	323	0	0
178	12	224	0	0
177	1	178	0	0
244	1	129	0	0
132	10	442	0	0
363	10	434	0	0
307	5	325	0	0
180	3	111	0	0
179	10	438	0	0
122	1	69	0	0
276	10	438	0	0
482	12	53	0	0
168	10	438	0	0
52	12	271	0	0
149	1	150	0	0
482	12	190	0	0
188	10	438	0	0
18	1	19	0	0
7	3	10	0	0
403	8	400	0	0
202	10	439	0	0
364	5	325	0	0
283	10	439	0	0
238	10	439	0	0
90	1	69	0	0
54	10	436	0	0
201	10	437	0	0
302	5	323	0	0
339	10	434	0	0
348	5	322	0	0
264	10	434	0	0
303	3	296	0	0
63	3	297	0	0
342	5	328	0	0
352	5	325	0	0
169	10	438	0	0
282	1	69	0	0
342	5	327	0	0
85	10	436	0	0
362	5	325	0	0
208	3	10	0	0
7	0	8	0	0
182	1	53	0	0
362	5	322	0	0
143	10	438	0	0
352	5	322	0	0
173	10	439	0	0
361	10	434	0	0
148	1	131	0	0
124	10	439	0	0
242	1	150	0	0
358	10	434	0	0
284	10	439	0	0
241	10	438	0	0
279	1	58	0	0
189	1	139	0	0
308	7	306	0	0
140	1	69	0	0
349	5	322	0	0
475	11	458	0	0
155	10	439	0	0
309	5	323	0	0
130	1	131	0	0
229	1	139	0	0
344	10	434	0	0
467	14	375	0	0
482	12	235	0	0
370	5	320	0	0
433	11	459	0	0
363	5	323	0	0
366	11	461	0	0
278	10	451	0	0
222	1	50	0	0
255	10	436	0	0
302	5	325	0	0
111	10	443	0	0
368	7	297	0	0
230	1	48	0	0
41	1	42	0	0
351	5	323	0	0
180	10	445	0	0
260	10	441	0	0
473	11	474	1	0
429	9	430	1	0
482	12	480	1	0
3	0	4	1	0
33	0	34	1	0
452	10	439	1	0
334	5	320	1	0
26	1	27	1	0
423	9	427	1	0
166	1	139	1	0
87	1	190	1	0
482	12	477	1	0
52	12	121	1	0
3	1	5	1	0
92	1	193	1	0
117	10	441	1	0
26	0	27	1	0
205	10	439	1	0
485	14	493	1	0
299	12	479	1	0
276	1	131	1	0
153	1	87	1	0
132	1	133	1	0
168	1	139	1	0
52	12	149	1	0
18	0	19	1	0
276	10	439	1	0
282	10	438	1	0
360	5	322	1	0
156	1	32	1	0
336	5	318	1	0
204	12	203	1	0
452	10	438	1	0
209	1	133	1	0
189	10	439	1	0
168	10	439	1	0
202	10	451	1	0
169	10	439	1	0
364	10	434	1	0
364	5	324	1	0
52	12	216	1	0
284	1	81	1	0
93	1	62	1	0
252	1	223	1	0
370	5	321	1	0
350	5	340	1	0
202	1	139	1	0
433	11	461	1	0
143	10	439	1	0
433	11	460	1	0
217	10	439	1	0
234	1	235	1	0
3	0	5	1	0
342	5	323	1	0
287	5	321	1	0
405	8	400	1	0
359	5	324	1	0
302	5	328	1	0
356	5	357	1	0
365	5	325	1	0
148	10	438	1	0
226	10	439	1	0
365	5	323	1	0
52	12	242	1	0
255	1	223	1	0
272	10	439	1	0
429	9	430	1	0
128	10	438	1	0
198	10	438	1	0
222	1	120	1	0
125	1	48	1	0
245	1	48	1	0
264	5	324	1	0
194	3	9	1	0
268	10	436	1	0
358	5	322	1	0
140	10	438	1	0
178	12	177	1	0
101	12	179	1	0
358	5	327	1	0
30	3	10	1	0
309	5	322	1	0
307	5	324	1	0
289	3	64	1	0
277	1	47	1	0
345	5	328	1	0
332	5	330	1	0
207	3	10	1	0
362	5	323	1	0
54	1	48	1	0
93	10	436	1	0
138	1	139	1	0
299	12	191	1	0
217	1	129	1	0
33	1	34	1	0
36	3	10	1	0
239	10	436	1	0
126	1	115	1	0
165	10	439	1	0
351	10	434	1	0
244	10	439	1	0
262	1	210	1	0
12	0	13	1	0
350	5	325	1	0
14	3	10	1	0
151	10	439	1	0
365	5	322	1	0
299	12	478	1	0
395	7	306	1	0
52	12	263	1	0
299	5	328	1	0
249	1	139	1	0
122	10	438	1	0
105	10	438	1	0
187	1	137	1	0
165	10	438	1	0
148	10	439	1	0
341	5	338	1	0
105	1	106	1	0
366	5	353	1	0
359	10	434	1	0
264	5	322	1	0
167	1	139	1	0
260	1	270	1	0
279	1	196	1	0
350	5	322	1	0
159	10	439	1	0
299	5	324	1	0
155	1	139	1	0
199	1	108	1	0
12	1	13	1	0
348	5	323	1	0
151	1	129	1	0
360	5	324	1	0
205	1	139	1	0
332	9	408	1	0
431	9	422	1	0
301	10	448	1	0
350	5	323	1	0
299	12	236	1	0
31	1	32	1	0
363	5	327	1	0
405	8	400	1	0
299	5	325	1	0
278	10	439	1	0
347	5	325	1	0
203	1	204	1	0
203	10	438	1	0
317	4	316	1	0
342	10	434	1	0
344	5	322	1	0
404	8	402	1	0
56	1	48	1	0
102	1	103	1	0
360	5	327	1	0
263	1	150	1	0
20	3	10	1	0
85	1	48	1	0
173	1	106	1	0
394	7	306	1	0
404	8	400	1	0
305	5	322	1	0
426	9	427	1	0
227	1	46	1	0
177	10	438	1	0
348	5	325	1	0
179	1	101	1	0
23	0	24	1	0
155	10	438	1	0
243	1	147	1	0
183	1	137	1	0
252	10	436	1	0
312	4	313	1	0
12	0	37	1	0
350	10	434	1	0
224	1	178	1	0
173	10	438	1	0
475	11	461	1	0
272	1	185	1	0
359	5	322	1	0
68	1	69	1	0
187	10	439	1	0
456	10	439	1	0
119	10	445	1	0
475	11	463	1	0
347	5	324	1	0
348	10	434	1	0
283	10	438	1	0
360	5	323	1	0
7	10	445	1	0
184	10	451	1	0
167	10	438	1	0
9	3	10	1	0
344	5	324	1	0
254	10	436	1	0
238	10	438	1	0
307	5	322	1	0
299	12	232	1	0
259	1	223	1	0
88	1	70	1	0
316	4	317	1	0
315	4	314	1	0
3	0	6	1	0
406	8	400	1	0
180	10	444	1	0
275	1	103	1	0
98	10	438	1	0
299	12	197	1	0
9	5	10	1	0
80	1	81	1	0
262	10	442	1	0
299	12	53	1	0
347	5	322	1	0
309	10	434	1	0
3	1	6	1	0
264	5	325	1	0
366	11	460	1	0
299	12	195	1	0
358	5	324	1	0
166	10	439	1	0
271	1	52	1	0
344	5	328	1	0
241	10	439	1	0
137	12	187	1	0
14	0	16	1	0
213	10	438	1	0
361	5	324	1	0
215	1	9	1	0
239	1	240	1	0
462	14	499	1	0
146	1	129	1	0
369	5	354	1	0
364	5	327	1	0
482	12	233	1	0
229	10	438	1	0
130	10	439	1	0
406	8	400	1	0
121	1	52	1	0
482	12	197	1	0
29	3	10	1	0
264	5	328	1	0
287	5	335	1	0
244	10	438	1	0
92	10	446	1	0
339	5	324	1	0
299	5	323	1	0
349	5	325	1	0
196	1	197	1	0
258	1	50	1	0
362	5	324	1	0
194	1	9	1	0
254	1	223	1	0
404	8	400	1	0
299	12	233	1	0
349	10	434	1	0
309	5	325	1	0
102	10	436	1	0
7	1	9	1	0
7	10	444	1	0
359	5	323	1	0
404	8	400	1	0
361	5	340	1	0
367	5	357	1	0
201	3	297	1	0
90	10	438	1	0
361	5	325	1	0
349	5	323	1	0
482	12	478	1	0
345	5	327	1	0
68	10	438	1	0
351	5	325	1	0
246	10	446	1	0
179	10	439	1	0
349	5	324	1	0
268	1	116	1	0
299	5	322	1	0
42	10	434	1	0
432	9	425	1	0
238	1	129	1	0
188	10	439	1	0
110	3	10	1	0
125	10	436	1	0
264	5	327	1	0
242	1	52	1	0
352	10	434	1	0
183	10	439	1	0
344	5	325	1	0
31	0	32	1	0
250	10	444	1	0
42	5	328	1	0
177	10	439	1	0
68	10	439	1	0
123	12	95	1	0
283	1	139	1	0
159	10	451	1	0
201	10	437	1	0
347	10	434	1	0
362	10	434	1	0
349	5	340	1	0
345	5	322	1	0
288	3	64	1	0
314	4	315	1	0
361	5	322	1	0
74	1	75	1	0
348	5	324	1	0
307	5	328	1	0
287	5	354	1	0
426	9	428	1	0
309	5	324	1	0
14	1	16	1	0
403	8	400	1	0
482	12	186	1	0
359	5	327	1	0
341	5	318	1	0
123	12	172	1	0
141	10	437	1	0
124	10	438	1	0
161	1	176	1	0
299	12	477	1	0
363	5	325	1	0
140	10	439	1	0
122	10	439	1	0
351	5	328	1	0
269	10	441	1	0
98	10	439	1	0
12	1	37	1	0
142	10	438	1	0
305	5	324	1	0
282	10	439	1	0
241	1	139	1	0
159	1	81	1	0
42	5	324	1	0
305	5	325	1	0
127	1	123	1	0
130	10	438	1	0
365	10	434	1	0
351	5	322	1	0
279	1	120	1	0
119	3	111	1	0
473	11	463	1	0
302	5	322	1	0
100	10	438	1	0
137	12	183	1	0
249	10	439	1	0
189	10	438	1	0
184	1	185	1	0
299	10	434	1	0
154	1	129	1	0
249	10	438	1	0
176	3	294	1	0
362	5	327	1	0
184	10	439	1	0
347	5	327	1	0
192	1	193	1	0
98	1	69	1	0
302	5	327	1	0
347	5	323	1	0
336	5	337	1	0
128	1	129	1	0
366	11	458	1	0
216	1	150	1	0
226	10	438	1	0
136	1	137	1	0
200	10	444	1	0
364	5	322	1	0
224	10	439	1	0
142	1	129	1	0
299	12	186	1	0
284	10	438	1	0
299	12	481	1	0
302	5	324	1	0
123	1	111	1	0
224	10	438	1	0
363	5	322	1	0
9	1	10	1	0
213	1	81	1	0
138	10	438	1	0
339	5	322	1	0
198	1	129	1	0
165	1	129	1	0
143	1	129	1	0
309	5	328	1	0
366	11	459	1	0
170	1	9	1	0
482	12	232	1	0
40	3	10	1	0
90	10	439	1	0
405	8	402	1	0
227	1	47	1	0
303	3	298	1	0
71	3	11	1	0
161	10	442	1	0
128	10	439	1	0
431	9	422	1	0
475	11	460	1	0
363	5	324	1	0
365	5	324	1	0
123	12	127	1	0
7	0	9	1	0
309	5	327	1	0
352	5	323	1	0
345	5	325	1	0
154	10	438	1	0
345	10	434	1	0
203	10	439	1	0
100	1	101	1	0
198	10	439	1	0
426	9	428	1	0
167	10	439	1	0
358	5	325	1	0
365	5	340	1	0
406	8	400	1	0
199	1	77	1	0
149	1	52	1	0
369	5	338	1	0
258	1	50	1	0
261	1	59	1	0
226	1	131	1	0
209	10	450	1	0
100	10	439	1	0
456	10	438	1	0
222	1	234	1	0
403	8	400	1	0
365	5	327	1	0
288	10	445	1	0
305	10	434	1	0
80	10	439	1	0
12	1	38	1	0
305	5	323	1	0
269	1	270	1	0
230	1	48	1	0
280	1	52	1	0
137	12	278	1	0
275	10	436	1	0
299	12	480	1	0
78	10	448	1	0
88	8	396	1	0
350	5	324	1	0
246	1	193	1	0
42	5	322	1	0
482	12	479	1	0
188	1	139	1	0
289	10	445	1	0
222	1	47	1	0
52	12	280	1	0
137	12	136	1	0
12	0	38	1	0
229	10	439	1	0
146	10	438	1	0
475	11	459	1	0
349	5	327	1	0
299	12	235	1	0
277	10	436	1	0
42	5	325	1	0
299	5	327	1	0
61	1	62	1	0
88	3	296	1	0
352	5	328	1	0
423	9	424	1	0
56	1	48	1	0
334	5	335	1	0
343	5	318	1	0
216	1	52	1	0
313	4	312	1	0
342	5	325	1	0
263	1	52	1	0
169	1	101	1	0
146	10	439	1	0
482	12	481	1	0
344	5	323	1	0
332	5	318	1	0
299	12	231	1	0
345	5	324	1	0
272	10	438	1	0
307	5	327	1	0
264	5	323	1	0
124	1	81	1	0
3	1	4	1	0
192	10	446	1	0
141	3	10	1	0
74	10	444	1	0
342	5	322	1	0
172	1	123	1	0
138	10	439	1	0
52	1	53	1	0
151	10	438	1	0
278	1	137	1	0
7	0	10	1	0
21	1	22	1	0
166	10	438	1	0
80	10	438	1	0
126	3	296	1	0
482	12	236	1	0
142	10	439	1	0
358	5	323	1	0
256	1	223	1	0
351	5	327	1	0
302	10	434	1	0
245	10	436	1	0
105	10	439	1	0
237	1	186	1	0
433	11	458	1	0
101	12	100	1	0
154	10	439	1	0
341	5	330	1	0
74	3	294	1	0
360	10	434	1	0
359	5	325	1	0
280	1	150	1	0
361	5	323	1	0
364	5	323	1	0
117	1	95	1	0
482	12	195	1	0
339	5	340	1	0
42	5	327	1	0
111	12	123	1	0
352	5	324	1	0
307	5	323	1	0
360	5	325	1	0
42	5	323	1	0
101	12	169	1	0
0	1	16	1	0
299	12	190	1	0
217	10	438	1	0
405	8	400	1	0
23	1	24	1	0
17	3	10	1	0
136	10	439	1	0
61	10	436	1	0
482	12	191	1	0
21	0	22	1	0
364	5	340	1	0
339	5	323	1	0
213	10	439	1	0
287	5	331	1	0
368	7	64	1	0
482	12	231	1	0
205	10	438	1	0
345	5	323	1	0
178	12	224	1	0
177	1	178	1	0
244	1	129	1	0
132	10	442	1	0
363	10	434	1	0
307	5	325	1	0
180	3	111	1	0
179	10	438	1	0
122	1	69	1	0
276	10	438	1	0
482	12	53	1	0
168	10	438	1	0
52	12	271	1	0
149	1	150	1	0
482	12	190	1	0
188	10	438	1	0
18	1	19	1	0
7	3	10	1	0
403	8	400	1	0
202	10	439	1	0
364	5	325	1	0
283	10	439	1	0
238	10	439	1	0
90	1	69	1	0
54	10	436	1	0
201	10	437	1	0
302	5	323	1	0
339	10	434	1	0
348	5	322	1	0
264	10	434	1	0
303	3	296	1	0
63	3	297	1	0
342	5	328	1	0
352	5	325	1	0
169	10	438	1	0
282	1	69	1	0
342	5	327	1	0
85	10	436	1	0
362	5	325	1	0
208	3	10	1	0
7	0	8	1	0
182	1	53	1	0
362	5	322	1	0
143	10	438	1	0
352	5	322	1	0
173	10	439	1	0
361	10	434	1	0
148	1	131	1	0
124	10	439	1	0
242	1	150	1	0
358	10	434	1	0
284	10	439	1	0
241	10	438	1	0
279	1	58	1	0
189	1	139	1	0
308	7	306	1	0
140	1	69	1	0
349	5	322	1	0
475	11	458	1	0
155	10	439	1	0
309	5	323	1	0
130	1	131	1	0
229	1	139	1	0
344	10	434	1	0
482	12	235	1	0
370	5	320	1	0
433	11	459	1	0
363	5	323	1	0
366	11	461	1	0
278	10	451	1	0
222	1	50	1	0
255	10	436	1	0
302	5	325	1	0
111	10	443	1	0
368	7	297	1	0
230	1	48	1	0
41	1	42	1	0
351	5	323	1	0
180	10	445	1	0
260	10	441	1	0
473	11	474	2	0
429	9	430	2	0
482	12	480	2	0
3	0	4	2	0
33	0	34	2	0
452	10	439	2	0
334	5	320	2	0
26	1	27	2	0
423	9	427	2	0
166	1	139	2	0
87	1	190	2	0
482	12	477	2	0
52	12	121	2	0
3	1	5	2	0
92	1	193	2	0
117	10	441	2	0
26	0	27	2	0
205	10	439	2	0
485	14	493	2	0
299	12	479	2	0
276	1	131	2	0
153	1	87	2	0
132	1	133	2	0
168	1	139	2	0
52	12	149	2	0
18	0	19	2	0
276	10	439	2	0
282	10	438	2	0
360	5	322	2	0
156	1	32	2	0
336	5	318	2	0
204	12	203	2	0
452	10	438	2	0
209	1	133	2	0
189	10	439	2	0
168	10	439	2	0
202	10	451	2	0
169	10	439	2	0
364	10	434	2	0
364	5	324	2	0
52	12	216	2	0
284	1	81	2	0
93	1	62	2	0
252	1	223	2	0
370	5	321	2	0
350	5	340	2	0
202	1	139	2	0
433	11	461	2	0
143	10	439	2	0
433	11	460	2	0
217	10	439	2	0
234	1	235	2	0
3	0	5	2	0
342	5	323	2	0
287	5	321	2	0
405	8	400	2	0
359	5	324	2	0
302	5	328	2	0
356	5	357	2	0
365	5	325	2	0
148	10	438	2	0
226	10	439	2	0
365	5	323	2	0
52	12	242	2	0
255	1	223	2	0
272	10	439	2	0
429	9	430	2	0
128	10	438	2	0
198	10	438	2	0
222	1	120	2	0
125	1	48	2	0
245	1	48	2	0
264	5	324	2	0
194	3	9	2	0
268	10	436	2	0
358	5	322	2	0
140	10	438	2	0
178	12	177	2	0
101	12	179	2	0
358	5	327	2	0
30	3	10	2	0
309	5	322	2	0
307	5	324	2	0
289	3	64	2	0
277	1	47	2	0
345	5	328	2	0
332	5	330	2	0
207	3	10	2	0
362	5	323	2	0
54	1	48	2	0
93	10	436	2	0
138	1	139	2	0
299	12	191	2	0
217	1	129	2	0
33	1	34	2	0
36	3	10	2	0
239	10	436	2	0
126	1	115	2	0
165	10	439	2	0
351	10	434	2	0
244	10	439	2	0
262	1	210	2	0
12	0	13	2	0
350	5	325	2	0
14	3	10	2	0
151	10	439	2	0
365	5	322	2	0
299	12	478	2	0
395	7	306	2	0
52	12	263	2	0
299	5	328	2	0
249	1	139	2	0
122	10	438	2	0
105	10	438	2	0
187	1	137	2	0
165	10	438	2	0
148	10	439	2	0
341	5	338	2	0
105	1	106	2	0
366	5	353	2	0
359	10	434	2	0
264	5	322	2	0
167	1	139	2	0
260	1	270	2	0
279	1	196	2	0
350	5	322	2	0
159	10	439	2	0
299	5	324	2	0
155	1	139	2	0
199	1	108	2	0
12	1	13	2	0
348	5	323	2	0
151	1	129	2	0
360	5	324	2	0
205	1	139	2	0
332	9	408	2	0
431	9	422	2	0
301	10	448	2	0
350	5	323	2	0
299	12	236	2	0
31	1	32	2	0
363	5	327	2	0
405	8	400	2	0
299	5	325	2	0
278	10	439	2	0
347	5	325	2	0
203	1	204	2	0
203	10	438	2	0
317	4	316	2	0
342	10	434	2	0
344	5	322	2	0
404	8	402	2	0
56	1	48	2	0
102	1	103	2	0
360	5	327	2	0
358	5	326	2	0
263	1	150	2	0
20	3	10	2	0
85	1	48	2	0
173	1	106	2	0
394	7	306	2	0
404	8	400	2	0
305	5	322	2	0
426	9	427	2	0
227	1	46	2	0
177	10	438	2	0
348	5	325	2	0
179	1	101	2	0
23	0	24	2	0
155	10	438	2	0
243	1	147	2	0
183	1	137	2	0
252	10	436	2	0
312	4	313	2	0
12	0	37	2	0
350	10	434	2	0
224	1	178	2	0
173	10	438	2	0
475	11	461	2	0
272	1	185	2	0
359	5	322	2	0
68	1	69	2	0
187	10	439	2	0
42	5	326	2	0
456	10	439	2	0
119	10	445	2	0
475	11	463	2	0
347	5	324	2	0
348	10	434	2	0
283	10	438	2	0
360	5	323	2	0
7	10	445	2	0
184	10	451	2	0
167	10	438	2	0
9	3	10	2	0
344	5	324	2	0
254	10	436	2	0
238	10	438	2	0
307	5	322	2	0
299	12	232	2	0
259	1	223	2	0
88	1	70	2	0
316	4	317	2	0
315	4	314	2	0
3	0	6	2	0
406	8	400	2	0
180	10	444	2	0
275	1	103	2	0
98	10	438	2	0
299	12	197	2	0
9	5	10	2	0
80	1	81	2	0
262	10	442	2	0
299	12	53	2	0
347	5	322	2	0
309	10	434	2	0
3	1	6	2	0
264	5	325	2	0
366	11	460	2	0
299	12	195	2	0
358	5	324	2	0
166	10	439	2	0
271	1	52	2	0
344	5	328	2	0
241	10	439	2	0
137	12	187	2	0
14	0	16	2	0
213	10	438	2	0
361	5	324	2	0
215	1	9	2	0
239	1	240	2	0
462	14	499	2	0
146	1	129	2	0
369	5	354	2	0
364	5	327	2	0
482	12	233	2	0
229	10	438	2	0
130	10	439	2	0
406	8	400	2	0
121	1	52	2	0
482	12	197	2	0
29	3	10	2	0
264	5	328	2	0
287	5	335	2	0
244	10	438	2	0
92	10	446	2	0
339	5	324	2	0
299	5	323	2	0
349	5	325	2	0
196	1	197	2	0
258	1	50	2	0
362	5	324	2	0
194	1	9	2	0
254	1	223	2	0
404	8	400	2	0
299	12	233	2	0
349	10	434	2	0
309	5	325	2	0
102	10	436	2	0
7	1	9	2	0
7	10	444	2	0
359	5	323	2	0
404	8	400	2	0
361	5	340	2	0
367	5	357	2	0
201	3	297	2	0
90	10	438	2	0
361	5	325	2	0
349	5	323	2	0
482	12	478	2	0
345	5	327	2	0
68	10	438	2	0
351	5	325	2	0
246	10	446	2	0
179	10	439	2	0
349	5	324	2	0
268	1	116	2	0
299	5	322	2	0
42	10	434	2	0
432	9	425	2	0
238	1	129	2	0
188	10	439	2	0
110	3	10	2	0
125	10	436	2	0
264	5	327	2	0
242	1	52	2	0
352	10	434	2	0
183	10	439	2	0
344	5	325	2	0
31	0	32	2	0
250	10	444	2	0
42	5	328	2	0
177	10	439	2	0
68	10	439	2	0
123	12	95	2	0
283	1	139	2	0
159	10	451	2	0
201	10	437	2	0
347	10	434	2	0
362	10	434	2	0
349	5	340	2	0
345	5	322	2	0
288	3	64	2	0
314	4	315	2	0
361	5	322	2	0
74	1	75	2	0
348	5	324	2	0
307	5	328	2	0
287	5	354	2	0
426	9	428	2	0
309	5	324	2	0
14	1	16	2	0
403	8	400	2	0
482	12	186	2	0
359	5	327	2	0
341	5	318	2	0
123	12	172	2	0
141	10	437	2	0
124	10	438	2	0
161	1	176	2	0
299	12	477	2	0
363	5	325	2	0
140	10	439	2	0
122	10	439	2	0
351	5	328	2	0
269	10	441	2	0
98	10	439	2	0
264	5	326	2	0
12	1	37	2	0
142	10	438	2	0
305	5	324	2	0
282	10	439	2	0
241	1	139	2	0
159	1	81	2	0
42	5	324	2	0
305	5	325	2	0
127	1	123	2	0
130	10	438	2	0
365	10	434	2	0
362	5	326	2	0
351	5	322	2	0
279	1	120	2	0
119	3	111	2	0
473	11	463	2	0
302	5	322	2	0
100	10	438	2	0
137	12	183	2	0
249	10	439	2	0
189	10	438	2	0
184	1	185	2	0
299	10	434	2	0
154	1	129	2	0
249	10	438	2	0
176	3	294	2	0
362	5	327	2	0
184	10	439	2	0
347	5	327	2	0
192	1	193	2	0
98	1	69	2	0
302	5	327	2	0
347	5	323	2	0
336	5	337	2	0
128	1	129	2	0
366	11	458	2	0
216	1	150	2	0
226	10	438	2	0
136	1	137	2	0
200	10	444	2	0
364	5	322	2	0
224	10	439	2	0
142	1	129	2	0
299	12	186	2	0
284	10	438	2	0
299	12	481	2	0
302	5	324	2	0
123	1	111	2	0
224	10	438	2	0
363	5	322	2	0
9	1	10	2	0
213	1	81	2	0
138	10	438	2	0
339	5	322	2	0
198	1	129	2	0
165	1	129	2	0
143	1	129	2	0
309	5	328	2	0
366	11	459	2	0
170	1	9	2	0
482	12	232	2	0
40	3	10	2	0
90	10	439	2	0
405	8	402	2	0
227	1	47	2	0
303	3	298	2	0
71	3	11	2	0
161	10	442	2	0
128	10	439	2	0
431	9	422	2	0
475	11	460	2	0
363	5	324	2	0
365	5	324	2	0
123	12	127	2	0
7	0	9	2	0
309	5	327	2	0
352	5	323	2	0
345	5	325	2	0
154	10	438	2	0
345	10	434	2	0
203	10	439	2	0
100	1	101	2	0
307	5	326	2	0
198	10	439	2	0
426	9	428	2	0
167	10	439	2	0
358	5	325	2	0
365	5	340	2	0
406	8	400	2	0
199	1	77	2	0
149	1	52	2	0
369	5	338	2	0
258	1	50	2	0
261	1	59	2	0
226	1	131	2	0
209	10	450	2	0
100	10	439	2	0
456	10	438	2	0
222	1	234	2	0
403	8	400	2	0
365	5	327	2	0
288	10	445	2	0
305	10	434	2	0
80	10	439	2	0
12	1	38	2	0
305	5	323	2	0
269	1	270	2	0
230	1	48	2	0
280	1	52	2	0
137	12	278	2	0
275	10	436	2	0
299	12	480	2	0
78	10	448	2	0
88	8	396	2	0
350	5	324	2	0
246	1	193	2	0
42	5	322	2	0
482	12	479	2	0
188	1	139	2	0
289	10	445	2	0
222	1	47	2	0
52	12	280	2	0
137	12	136	2	0
12	0	38	2	0
229	10	439	2	0
146	10	438	2	0
475	11	459	2	0
349	5	327	2	0
299	12	235	2	0
277	10	436	2	0
42	5	325	2	0
299	5	327	2	0
61	1	62	2	0
88	3	296	2	0
352	5	328	2	0
423	9	424	2	0
56	1	48	2	0
334	5	335	2	0
343	5	318	2	0
216	1	52	2	0
313	4	312	2	0
342	5	325	2	0
263	1	52	2	0
169	1	101	2	0
146	10	439	2	0
482	12	481	2	0
344	5	323	2	0
332	5	318	2	0
299	12	231	2	0
345	5	324	2	0
272	10	438	2	0
307	5	327	2	0
264	5	323	2	0
124	1	81	2	0
3	1	4	2	0
192	10	446	2	0
141	3	10	2	0
74	10	444	2	0
342	5	322	2	0
172	1	123	2	0
138	10	439	2	0
52	1	53	2	0
151	10	438	2	0
278	1	137	2	0
7	0	10	2	0
21	1	22	2	0
166	10	438	2	0
80	10	438	2	0
126	3	296	2	0
482	12	236	2	0
142	10	439	2	0
358	5	323	2	0
256	1	223	2	0
351	5	327	2	0
302	10	434	2	0
245	10	436	2	0
105	10	439	2	0
237	1	186	2	0
433	11	458	2	0
101	12	100	2	0
154	10	439	2	0
341	5	330	2	0
74	3	294	2	0
360	10	434	2	0
359	5	325	2	0
280	1	150	2	0
361	5	323	2	0
364	5	323	2	0
117	1	95	2	0
482	12	195	2	0
339	5	340	2	0
42	5	327	2	0
111	12	123	2	0
352	5	324	2	0
307	5	323	2	0
360	5	325	2	0
42	5	323	2	0
101	12	169	2	0
0	1	16	2	0
299	12	190	2	0
217	10	438	2	0
405	8	400	2	0
23	1	24	2	0
17	3	10	2	0
136	10	439	2	0
360	5	326	2	0
61	10	436	2	0
482	12	191	2	0
21	0	22	2	0
364	5	340	2	0
349	5	326	2	0
339	5	323	2	0
213	10	439	2	0
287	5	331	2	0
368	7	64	2	0
482	12	231	2	0
205	10	438	2	0
345	5	323	2	0
178	12	224	2	0
177	1	178	2	0
244	1	129	2	0
132	10	442	2	0
363	10	434	2	0
307	5	325	2	0
180	3	111	2	0
179	10	438	2	0
122	1	69	2	0
276	10	438	2	0
482	12	53	2	0
168	10	438	2	0
52	12	271	2	0
149	1	150	2	0
482	12	190	2	0
188	10	438	2	0
18	1	19	2	0
7	3	10	2	0
403	8	400	2	0
202	10	439	2	0
364	5	325	2	0
283	10	439	2	0
238	10	439	2	0
90	1	69	2	0
54	10	436	2	0
201	10	437	2	0
302	5	323	2	0
339	10	434	2	0
348	5	322	2	0
264	10	434	2	0
303	3	296	2	0
63	3	297	2	0
342	5	328	2	0
352	5	325	2	0
351	5	326	2	0
169	10	438	2	0
282	1	69	2	0
342	5	327	2	0
85	10	436	2	0
362	5	325	2	0
208	3	10	2	0
7	0	8	2	0
182	1	53	2	0
362	5	322	2	0
143	10	438	2	0
352	5	322	2	0
173	10	439	2	0
361	10	434	2	0
148	1	131	2	0
124	10	439	2	0
242	1	150	2	0
358	10	434	2	0
284	10	439	2	0
241	10	438	2	0
279	1	58	2	0
189	1	139	2	0
308	7	306	2	0
140	1	69	2	0
349	5	322	2	0
475	11	458	2	0
155	10	439	2	0
309	5	323	2	0
130	1	131	2	0
229	1	139	2	0
344	10	434	2	0
482	12	235	2	0
370	5	320	2	0
433	11	459	2	0
363	5	323	2	0
366	11	461	2	0
278	10	451	2	0
222	1	50	2	0
255	10	436	2	0
302	5	325	2	0
111	10	443	2	0
368	7	297	2	0
230	1	48	2	0
41	1	42	2	0
351	5	323	2	0
180	10	445	2	0
260	10	441	2	0
473	11	474	3	0
429	9	430	3	0
482	12	480	3	0
3	0	4	3	0
33	0	34	3	0
452	10	439	3	0
334	5	320	3	0
26	1	27	3	0
423	9	427	3	0
166	1	139	3	0
87	1	190	3	0
482	12	477	3	0
52	12	121	3	0
3	1	5	3	0
92	1	193	3	0
117	10	441	3	0
26	0	27	3	0
205	10	439	3	0
485	14	493	3	0
299	12	479	3	0
276	1	131	3	0
153	1	87	3	0
132	1	133	3	0
168	1	139	3	0
52	12	149	3	0
18	0	19	3	0
276	10	439	3	0
282	10	438	3	0
360	5	322	3	0
156	1	32	3	0
336	5	318	3	0
204	12	203	3	0
452	10	438	3	0
209	1	133	3	0
189	10	439	3	0
168	10	439	3	0
202	10	451	3	0
169	10	439	3	0
364	10	434	3	0
364	5	324	3	0
52	12	216	3	0
284	1	81	3	0
93	1	62	3	0
252	1	223	3	0
370	5	321	3	0
350	5	340	3	0
202	1	139	3	0
433	11	461	3	0
143	10	439	3	0
433	11	460	3	0
217	10	439	3	0
234	1	235	3	0
3	0	5	3	0
342	5	323	3	0
287	5	321	3	0
405	8	400	3	0
359	5	324	3	0
302	5	328	3	0
356	5	357	3	0
365	5	325	3	0
148	10	438	3	0
226	10	439	3	0
365	5	323	3	0
52	12	242	3	0
255	1	223	3	0
272	10	439	3	0
429	9	430	3	0
128	10	438	3	0
198	10	438	3	0
222	1	120	3	0
125	1	48	3	0
245	1	48	3	0
264	5	324	3	0
194	3	9	3	0
268	10	436	3	0
358	5	322	3	0
140	10	438	3	0
178	12	177	3	0
101	12	179	3	0
358	5	327	3	0
30	3	10	3	0
309	5	322	3	0
307	5	324	3	0
289	3	64	3	0
277	1	47	3	0
345	5	328	3	0
332	5	330	3	0
207	3	10	3	0
362	5	323	3	0
54	1	48	3	0
93	10	436	3	0
138	1	139	3	0
299	12	191	3	0
217	1	129	3	0
33	1	34	3	0
36	3	10	3	0
239	10	436	3	0
126	1	115	3	0
165	10	439	3	0
351	10	434	3	0
244	10	439	3	0
262	1	210	3	0
12	0	13	3	0
350	5	325	3	0
14	3	10	3	0
151	10	439	3	0
365	5	322	3	0
299	12	478	3	0
395	7	306	3	0
52	12	263	3	0
299	5	328	3	0
249	1	139	3	0
122	10	438	3	0
105	10	438	3	0
187	1	137	3	0
165	10	438	3	0
148	10	439	3	0
341	5	338	3	0
105	1	106	3	0
366	5	353	3	0
359	10	434	3	0
264	5	322	3	0
167	1	139	3	0
260	1	270	3	0
279	1	196	3	0
350	5	322	3	0
159	10	439	3	0
299	5	324	3	0
155	1	139	3	0
199	1	108	3	0
12	1	13	3	0
348	5	323	3	0
151	1	129	3	0
360	5	324	3	0
205	1	139	3	0
332	9	408	3	0
431	9	422	3	0
301	10	448	3	0
350	5	323	3	0
299	12	236	3	0
31	1	32	3	0
363	5	327	3	0
405	8	400	3	0
299	5	325	3	0
278	10	439	3	0
347	5	325	3	0
203	1	204	3	0
203	10	438	3	0
342	10	434	3	0
344	5	322	3	0
404	8	402	3	0
56	1	48	3	0
102	1	103	3	0
360	5	327	3	0
358	5	326	3	0
263	1	150	3	0
20	3	10	3	0
85	1	48	3	0
173	1	106	3	0
394	7	306	3	0
404	8	400	3	0
305	5	322	3	0
426	9	427	3	0
227	1	46	3	0
177	10	438	3	0
348	5	325	3	0
179	1	101	3	0
23	0	24	3	0
155	10	438	3	0
243	1	147	3	0
183	1	137	3	0
252	10	436	3	0
312	4	313	3	0
12	0	37	3	0
350	10	434	3	0
224	1	178	3	0
173	10	438	3	0
475	11	461	3	0
272	1	185	3	0
359	5	322	3	0
68	1	69	3	0
187	10	439	3	0
42	5	326	3	0
456	10	439	3	0
119	10	445	3	0
475	11	463	3	0
347	5	324	3	0
348	10	434	3	0
283	10	438	3	0
360	5	323	3	0
299	5	326	3	0
7	10	445	3	0
184	10	451	3	0
167	10	438	3	0
9	3	10	3	0
344	5	324	3	0
254	10	436	3	0
238	10	438	3	0
307	5	322	3	0
299	12	232	3	0
259	1	223	3	0
88	1	70	3	0
315	4	314	3	0
3	0	6	3	0
406	8	400	3	0
180	10	444	3	0
275	1	103	3	0
98	10	438	3	0
299	12	197	3	0
9	5	10	3	0
80	1	81	3	0
262	10	442	3	0
299	12	53	3	0
347	5	322	3	0
309	10	434	3	0
3	1	6	3	0
264	5	325	3	0
366	11	460	3	0
299	12	195	3	0
358	5	324	3	0
166	10	439	3	0
271	1	52	3	0
344	5	328	3	0
241	10	439	3	0
137	12	187	3	0
14	0	16	3	0
213	10	438	3	0
361	5	324	3	0
215	1	9	3	0
239	1	240	3	0
146	1	129	3	0
369	5	354	3	0
364	5	327	3	0
482	12	233	3	0
229	10	438	3	0
130	10	439	3	0
406	8	400	3	0
121	1	52	3	0
482	12	197	3	0
29	3	10	3	0
264	5	328	3	0
287	5	335	3	0
244	10	438	3	0
92	10	446	3	0
339	5	324	3	0
299	5	323	3	0
349	5	325	3	0
196	1	197	3	0
258	1	50	3	0
362	5	324	3	0
194	1	9	3	0
254	1	223	3	0
404	8	400	3	0
299	12	233	3	0
349	10	434	3	0
309	5	325	3	0
102	10	436	3	0
7	1	9	3	0
7	10	444	3	0
359	5	323	3	0
404	8	400	3	0
361	5	340	3	0
367	5	357	3	0
201	3	297	3	0
90	10	438	3	0
361	5	325	3	0
349	5	323	3	0
482	12	478	3	0
345	5	327	3	0
68	10	438	3	0
351	5	325	3	0
246	10	446	3	0
179	10	439	3	0
349	5	324	3	0
268	1	116	3	0
299	5	322	3	0
42	10	434	3	0
432	9	425	3	0
238	1	129	3	0
188	10	439	3	0
110	3	10	3	0
125	10	436	3	0
264	5	327	3	0
242	1	52	3	0
352	10	434	3	0
183	10	439	3	0
344	5	325	3	0
31	0	32	3	0
250	10	444	3	0
42	5	328	3	0
177	10	439	3	0
68	10	439	3	0
123	12	95	3	0
283	1	139	3	0
159	10	451	3	0
201	10	437	3	0
347	10	434	3	0
362	10	434	3	0
349	5	340	3	0
345	5	322	3	0
288	3	64	3	0
314	4	315	3	0
361	5	322	3	0
74	1	75	3	0
348	5	324	3	0
307	5	328	3	0
287	5	354	3	0
426	9	428	3	0
309	5	324	3	0
14	1	16	3	0
403	8	400	3	0
482	12	186	3	0
359	5	327	3	0
341	5	318	3	0
123	12	172	3	0
141	10	437	3	0
124	10	438	3	0
161	1	176	3	0
299	12	477	3	0
363	5	325	3	0
140	10	439	3	0
122	10	439	3	0
351	5	328	3	0
269	10	441	3	0
98	10	439	3	0
264	5	326	3	0
12	1	37	3	0
142	10	438	3	0
305	5	324	3	0
282	10	439	3	0
241	1	139	3	0
159	1	81	3	0
42	5	324	3	0
305	5	325	3	0
127	1	123	3	0
130	10	438	3	0
365	10	434	3	0
362	5	326	3	0
351	5	322	3	0
279	1	120	3	0
119	3	111	3	0
473	11	463	3	0
302	5	322	3	0
100	10	438	3	0
137	12	183	3	0
249	10	439	3	0
189	10	438	3	0
184	1	185	3	0
299	10	434	3	0
154	1	129	3	0
249	10	438	3	0
176	3	294	3	0
362	5	327	3	0
184	10	439	3	0
347	5	327	3	0
192	1	193	3	0
98	1	69	3	0
302	5	327	3	0
347	5	323	3	0
336	5	337	3	0
128	1	129	3	0
366	11	458	3	0
216	1	150	3	0
226	10	438	3	0
136	1	137	3	0
200	10	444	3	0
364	5	322	3	0
224	10	439	3	0
142	1	129	3	0
299	12	186	3	0
284	10	438	3	0
299	12	481	3	0
302	5	324	3	0
123	1	111	3	0
224	10	438	3	0
363	5	322	3	0
9	1	10	3	0
213	1	81	3	0
138	10	438	3	0
339	5	322	3	0
198	1	129	3	0
165	1	129	3	0
143	1	129	3	0
309	5	328	3	0
366	11	459	3	0
170	1	9	3	0
482	12	232	3	0
40	3	10	3	0
90	10	439	3	0
405	8	402	3	0
227	1	47	3	0
303	3	298	3	0
71	3	11	3	0
161	10	442	3	0
128	10	439	3	0
431	9	422	3	0
475	11	460	3	0
363	5	324	3	0
365	5	324	3	0
123	12	127	3	0
7	0	9	3	0
309	5	327	3	0
352	5	323	3	0
345	5	325	3	0
154	10	438	3	0
345	10	434	3	0
203	10	439	3	0
100	1	101	3	0
307	5	326	3	0
198	10	439	3	0
426	9	428	3	0
167	10	439	3	0
358	5	325	3	0
365	5	340	3	0
406	8	400	3	0
199	1	77	3	0
149	1	52	3	0
369	5	338	3	0
258	1	50	3	0
261	1	59	3	0
226	1	131	3	0
209	10	450	3	0
100	10	439	3	0
456	10	438	3	0
222	1	234	3	0
403	8	400	3	0
365	5	327	3	0
288	10	445	3	0
305	10	434	3	0
80	10	439	3	0
12	1	38	3	0
305	5	323	3	0
269	1	270	3	0
230	1	48	3	0
280	1	52	3	0
137	12	278	3	0
275	10	436	3	0
299	12	480	3	0
78	10	448	3	0
88	8	396	3	0
350	5	324	3	0
246	1	193	3	0
42	5	322	3	0
482	12	479	3	0
188	1	139	3	0
289	10	445	3	0
222	1	47	3	0
52	12	280	3	0
137	12	136	3	0
12	0	38	3	0
229	10	439	3	0
146	10	438	3	0
475	11	459	3	0
349	5	327	3	0
299	12	235	3	0
277	10	436	3	0
42	5	325	3	0
299	5	327	3	0
61	1	62	3	0
88	3	296	3	0
352	5	328	3	0
423	9	424	3	0
56	1	48	3	0
334	5	335	3	0
343	5	318	3	0
216	1	52	3	0
313	4	312	3	0
342	5	325	3	0
263	1	52	3	0
169	1	101	3	0
146	10	439	3	0
482	12	481	3	0
344	5	323	3	0
332	5	318	3	0
299	12	231	3	0
345	5	324	3	0
272	10	438	3	0
307	5	327	3	0
264	5	323	3	0
124	1	81	3	0
3	1	4	3	0
192	10	446	3	0
141	3	10	3	0
74	10	444	3	0
342	5	322	3	0
172	1	123	3	0
138	10	439	3	0
52	1	53	3	0
151	10	438	3	0
278	1	137	3	0
7	0	10	3	0
21	1	22	3	0
166	10	438	3	0
80	10	438	3	0
126	3	296	3	0
482	12	236	3	0
142	10	439	3	0
358	5	323	3	0
256	1	223	3	0
351	5	327	3	0
302	10	434	3	0
245	10	436	3	0
105	10	439	3	0
237	1	186	3	0
433	11	458	3	0
101	12	100	3	0
154	10	439	3	0
341	5	330	3	0
74	3	294	3	0
360	10	434	3	0
359	5	325	3	0
280	1	150	3	0
361	5	323	3	0
364	5	323	3	0
117	1	95	3	0
482	12	195	3	0
339	5	340	3	0
42	5	327	3	0
111	12	123	3	0
352	5	324	3	0
307	5	323	3	0
360	5	325	3	0
42	5	323	3	0
101	12	169	3	0
0	1	16	3	0
299	12	190	3	0
217	10	438	3	0
405	8	400	3	0
23	1	24	3	0
17	3	10	3	0
136	10	439	3	0
360	5	326	3	0
61	10	436	3	0
482	12	191	3	0
21	0	22	3	0
364	5	340	3	0
349	5	326	3	0
339	5	323	3	0
213	10	439	3	0
287	5	331	3	0
368	7	64	3	0
482	12	231	3	0
205	10	438	3	0
345	5	323	3	0
178	12	224	3	0
177	1	178	3	0
244	1	129	3	0
132	10	442	3	0
363	10	434	3	0
307	5	325	3	0
180	3	111	3	0
179	10	438	3	0
122	1	69	3	0
276	10	438	3	0
482	12	53	3	0
168	10	438	3	0
52	12	271	3	0
149	1	150	3	0
482	12	190	3	0
188	10	438	3	0
18	1	19	3	0
7	3	10	3	0
403	8	400	3	0
202	10	439	3	0
364	5	325	3	0
283	10	439	3	0
238	10	439	3	0
90	1	69	3	0
54	10	436	3	0
201	10	437	3	0
302	5	323	3	0
339	10	434	3	0
348	5	322	3	0
264	10	434	3	0
303	3	296	3	0
63	3	297	3	0
342	5	328	3	0
352	5	325	3	0
351	5	326	3	0
169	10	438	3	0
282	1	69	3	0
342	5	327	3	0
85	10	436	3	0
362	5	325	3	0
208	3	10	3	0
7	0	8	3	0
182	1	53	3	0
362	5	322	3	0
143	10	438	3	0
359	5	326	3	0
352	5	322	3	0
173	10	439	3	0
361	10	434	3	0
148	1	131	3	0
124	10	439	3	0
242	1	150	3	0
358	10	434	3	0
284	10	439	3	0
241	10	438	3	0
279	1	58	3	0
189	1	139	3	0
308	7	306	3	0
140	1	69	3	0
349	5	322	3	0
475	11	458	3	0
155	10	439	3	0
309	5	323	3	0
130	1	131	3	0
229	1	139	3	0
344	10	434	3	0
482	12	235	3	0
370	5	320	3	0
433	11	459	3	0
363	5	323	3	0
366	11	461	3	0
278	10	451	3	0
222	1	50	3	0
255	10	436	3	0
302	5	325	3	0
111	10	443	3	0
368	7	297	3	0
230	1	48	3	0
41	1	42	3	0
351	5	323	3	0
180	10	445	3	0
260	10	441	3	0
473	11	474	4	0
429	9	430	4	0
482	12	480	4	0
3	0	4	4	0
33	0	34	4	0
452	10	439	4	0
334	5	320	4	0
26	1	27	4	0
423	9	427	4	0
166	1	139	4	0
87	1	190	4	0
482	12	477	4	0
52	12	121	4	0
3	1	5	4	0
92	1	193	4	0
117	10	441	4	0
26	0	27	4	0
205	10	439	4	0
485	14	493	4	0
299	12	479	4	0
276	1	131	4	0
153	1	87	4	0
132	1	133	4	0
168	1	139	4	0
52	12	149	4	0
18	0	19	4	0
276	10	439	4	0
282	10	438	4	0
360	5	322	4	0
156	1	32	4	0
336	5	318	4	0
204	12	203	4	0
452	10	438	4	0
209	1	133	4	0
189	10	439	4	0
168	10	439	4	0
202	10	451	4	0
169	10	439	4	0
364	10	434	4	0
364	5	324	4	0
52	12	216	4	0
284	1	81	4	0
93	1	62	4	0
252	1	223	4	0
370	5	321	4	0
350	5	340	4	0
202	1	139	4	0
433	11	461	4	0
143	10	439	4	0
433	11	460	4	0
217	10	439	4	0
234	1	235	4	0
3	0	5	4	0
342	5	323	4	0
287	5	321	4	0
405	8	400	4	0
359	5	324	4	0
302	5	328	4	0
356	5	357	4	0
365	5	325	4	0
148	10	438	4	0
226	10	439	4	0
365	5	323	4	0
52	12	242	4	0
255	1	223	4	0
272	10	439	4	0
429	9	430	4	0
128	10	438	4	0
198	10	438	4	0
222	1	120	4	0
125	1	48	4	0
245	1	48	4	0
264	5	324	4	0
194	3	9	4	0
268	10	436	4	0
358	5	322	4	0
140	10	438	4	0
178	12	177	4	0
101	12	179	4	0
358	5	327	4	0
30	3	10	4	0
309	5	322	4	0
307	5	324	4	0
289	3	64	4	0
277	1	47	4	0
345	5	328	4	0
332	5	330	4	0
207	3	10	4	0
362	5	323	4	0
54	1	48	4	0
93	10	436	4	0
138	1	139	4	0
299	12	191	4	0
217	1	129	4	0
33	1	34	4	0
36	3	10	4	0
239	10	436	4	0
126	1	115	4	0
165	10	439	4	0
351	10	434	4	0
244	10	439	4	0
262	1	210	4	0
12	0	13	4	0
350	5	325	4	0
14	3	10	4	0
151	10	439	4	0
365	5	322	4	0
299	12	478	4	0
395	7	306	4	0
52	12	263	4	0
299	5	328	4	0
249	1	139	4	0
122	10	438	4	0
105	10	438	4	0
187	1	137	4	0
165	10	438	4	0
148	10	439	4	0
341	5	338	4	0
105	1	106	4	0
366	5	353	4	0
359	10	434	4	0
264	5	322	4	0
167	1	139	4	0
260	1	270	4	0
279	1	196	4	0
350	5	322	4	0
159	10	439	4	0
299	5	324	4	0
155	1	139	4	0
199	1	108	4	0
12	1	13	4	0
348	5	323	4	0
151	1	129	4	0
360	5	324	4	0
205	1	139	4	0
332	9	408	4	0
431	9	422	4	0
301	10	448	4	0
201	3	64	4	0
350	5	323	4	0
299	12	236	4	0
31	1	32	4	0
363	5	327	4	0
405	8	400	4	0
299	5	325	4	0
278	10	439	4	0
347	5	325	4	0
203	1	204	4	0
203	10	438	4	0
342	10	434	4	0
344	5	322	4	0
404	8	402	4	0
56	1	48	4	0
102	1	103	4	0
360	5	327	4	0
358	5	326	4	0
263	1	150	4	0
20	3	10	4	0
85	1	48	4	0
173	1	106	4	0
394	7	306	4	0
404	8	400	4	0
305	5	322	4	0
426	9	427	4	0
227	1	46	4	0
177	10	438	4	0
348	5	325	4	0
179	1	101	4	0
23	0	24	4	0
155	10	438	4	0
243	1	147	4	0
183	1	137	4	0
252	10	436	4	0
312	4	313	4	0
12	0	37	4	0
350	10	434	4	0
224	1	178	4	0
173	10	438	4	0
475	11	461	4	0
272	1	185	4	0
359	5	322	4	0
68	1	69	4	0
187	10	439	4	0
42	5	326	4	0
456	10	439	4	0
119	10	445	4	0
475	11	463	4	0
347	5	324	4	0
348	10	434	4	0
283	10	438	4	0
360	5	323	4	0
299	5	326	4	0
7	10	445	4	0
184	10	451	4	0
167	10	438	4	0
9	3	10	4	0
344	5	324	4	0
254	10	436	4	0
238	10	438	4	0
307	5	322	4	0
299	12	232	4	0
259	1	223	4	0
88	1	70	4	0
315	4	314	4	0
3	0	6	4	0
406	8	400	4	0
180	10	444	4	0
275	1	103	4	0
98	10	438	4	0
299	12	197	4	0
9	5	10	4	0
80	1	81	4	0
262	10	442	4	0
299	12	53	4	0
347	5	322	4	0
309	10	434	4	0
3	1	6	4	0
264	5	325	4	0
366	11	460	4	0
299	12	195	4	0
358	5	324	4	0
166	10	439	4	0
271	1	52	4	0
344	5	328	4	0
241	10	439	4	0
137	12	187	4	0
14	0	16	4	0
213	10	438	4	0
361	5	324	4	0
215	1	9	4	0
239	1	240	4	0
119	3	64	4	0
146	1	129	4	0
369	5	354	4	0
364	5	327	4	0
482	12	233	4	0
229	10	438	4	0
130	10	439	4	0
406	8	400	4	0
121	1	52	4	0
482	12	197	4	0
29	3	10	4	0
123	1	64	4	0
264	5	328	4	0
287	5	335	4	0
244	10	438	4	0
92	10	446	4	0
339	5	324	4	0
63	3	64	4	0
299	5	323	4	0
349	5	325	4	0
196	1	197	4	0
258	1	50	4	0
362	5	324	4	0
194	1	9	4	0
254	1	223	4	0
404	8	400	4	0
299	12	233	4	0
349	10	434	4	0
309	5	325	4	0
102	10	436	4	0
7	1	9	4	0
7	10	444	4	0
359	5	323	4	0
404	8	400	4	0
361	5	340	4	0
367	5	357	4	0
201	3	297	4	0
90	10	438	4	0
361	5	325	4	0
349	5	323	4	0
482	12	478	4	0
345	5	327	4	0
68	10	438	4	0
351	5	325	4	0
246	10	446	4	0
179	10	439	4	0
349	5	324	4	0
268	1	116	4	0
299	5	322	4	0
42	10	434	4	0
432	9	425	4	0
238	1	129	4	0
188	10	439	4	0
110	3	10	4	0
125	10	436	4	0
264	5	327	4	0
242	1	52	4	0
352	10	434	4	0
183	10	439	4	0
344	5	325	4	0
31	0	32	4	0
250	10	444	4	0
42	5	328	4	0
177	10	439	4	0
68	10	439	4	0
123	12	95	4	0
283	1	139	4	0
159	10	451	4	0
201	10	437	4	0
347	10	434	4	0
362	10	434	4	0
349	5	340	4	0
345	5	322	4	0
288	3	64	4	0
314	4	315	4	0
361	5	322	4	0
74	1	75	4	0
348	5	324	4	0
307	5	328	4	0
287	5	354	4	0
426	9	428	4	0
309	5	324	4	0
14	1	16	4	0
403	8	400	4	0
482	12	186	4	0
359	5	327	4	0
341	5	318	4	0
123	12	172	4	0
141	10	437	4	0
124	10	438	4	0
161	1	176	4	0
299	12	477	4	0
363	5	325	4	0
140	10	439	4	0
122	10	439	4	0
351	5	328	4	0
269	10	441	4	0
98	10	439	4	0
264	5	326	4	0
12	1	37	4	0
142	10	438	4	0
305	5	324	4	0
282	10	439	4	0
241	1	139	4	0
159	1	81	4	0
42	5	324	4	0
305	5	325	4	0
127	1	123	4	0
130	10	438	4	0
365	10	434	4	0
362	5	326	4	0
351	5	322	4	0
279	1	120	4	0
119	3	111	4	0
339	5	325	4	0
473	11	463	4	0
302	5	322	4	0
100	10	438	4	0
137	12	183	4	0
249	10	439	4	0
189	10	438	4	0
184	1	185	4	0
299	10	434	4	0
154	1	129	4	0
249	10	438	4	0
176	3	294	4	0
362	5	327	4	0
184	10	439	4	0
347	5	327	4	0
192	1	193	4	0
98	1	69	4	0
302	5	327	4	0
347	5	323	4	0
336	5	337	4	0
128	1	129	4	0
366	11	458	4	0
216	1	150	4	0
226	10	438	4	0
136	1	137	4	0
200	10	444	4	0
364	5	322	4	0
180	3	64	4	0
224	10	439	4	0
142	1	129	4	0
299	12	186	4	0
284	10	438	4	0
299	12	481	4	0
302	5	324	4	0
123	1	111	4	0
224	10	438	4	0
363	5	322	4	0
9	1	10	4	0
213	1	81	4	0
138	10	438	4	0
339	5	322	4	0
198	1	129	4	0
288	3	64	4	0
165	1	129	4	0
143	1	129	4	0
309	5	328	4	0
366	11	459	4	0
170	1	9	4	0
482	12	232	4	0
40	3	10	4	0
90	10	439	4	0
405	8	402	4	0
227	1	47	4	0
303	3	298	4	0
71	3	11	4	0
161	10	442	4	0
128	10	439	4	0
431	9	422	4	0
475	11	460	4	0
363	5	324	4	0
365	5	324	4	0
123	12	127	4	0
7	0	9	4	0
309	5	327	4	0
352	5	323	4	0
345	5	325	4	0
154	10	438	4	0
345	10	434	4	0
203	10	439	4	0
100	1	101	4	0
307	5	326	4	0
198	10	439	4	0
426	9	428	4	0
167	10	439	4	0
358	5	325	4	0
365	5	340	4	0
406	8	400	4	0
199	1	77	4	0
149	1	52	4	0
369	5	338	4	0
258	1	50	4	0
261	1	59	4	0
226	1	131	4	0
209	10	450	4	0
100	10	439	4	0
456	10	438	4	0
222	1	234	4	0
403	8	400	4	0
365	5	327	4	0
288	10	445	4	0
305	10	434	4	0
80	10	439	4	0
12	1	38	4	0
305	5	323	4	0
269	1	270	4	0
230	1	48	4	0
280	1	52	4	0
137	12	278	4	0
275	10	436	4	0
299	12	480	4	0
78	10	448	4	0
88	8	396	4	0
350	5	324	4	0
246	1	193	4	0
42	5	322	4	0
482	12	479	4	0
188	1	139	4	0
289	10	445	4	0
222	1	47	4	0
52	12	280	4	0
137	12	136	4	0
12	0	38	4	0
229	10	439	4	0
146	10	438	4	0
475	11	459	4	0
349	5	327	4	0
299	12	235	4	0
277	10	436	4	0
42	5	325	4	0
299	5	327	4	0
61	1	62	4	0
88	3	296	4	0
352	5	328	4	0
423	9	424	4	0
56	1	48	4	0
334	5	335	4	0
343	5	318	4	0
216	1	52	4	0
313	4	312	4	0
342	5	325	4	0
263	1	52	4	0
169	1	101	4	0
146	10	439	4	0
482	12	481	4	0
344	5	323	4	0
332	5	318	4	0
299	12	231	4	0
345	5	324	4	0
272	10	438	4	0
307	5	327	4	0
264	5	323	4	0
124	1	81	4	0
3	1	4	4	0
192	10	446	4	0
141	3	10	4	0
74	10	444	4	0
342	5	322	4	0
172	1	123	4	0
9	10	443	4	0
138	10	439	4	0
52	1	53	4	0
151	10	438	4	0
278	1	137	4	0
7	0	10	4	0
21	1	22	4	0
166	10	438	4	0
80	10	438	4	0
126	3	296	4	0
482	12	236	4	0
142	10	439	4	0
358	5	323	4	0
256	1	223	4	0
351	5	327	4	0
302	10	434	4	0
245	10	436	4	0
105	10	439	4	0
237	1	186	4	0
433	11	458	4	0
101	12	100	4	0
154	10	439	4	0
341	5	330	4	0
74	3	294	4	0
360	10	434	4	0
359	5	325	4	0
280	1	150	4	0
361	5	323	4	0
364	5	323	4	0
117	1	95	4	0
482	12	195	4	0
339	5	340	4	0
42	5	327	4	0
111	12	123	4	0
352	5	324	4	0
307	5	323	4	0
360	5	325	4	0
42	5	323	4	0
101	12	169	4	0
0	1	16	4	0
299	12	190	4	0
217	10	438	4	0
405	8	400	4	0
23	1	24	4	0
17	3	10	4	0
136	10	439	4	0
360	5	326	4	0
61	10	436	4	0
482	12	191	4	0
21	0	22	4	0
364	5	340	4	0
349	5	326	4	0
339	5	323	4	0
213	10	439	4	0
287	5	331	4	0
368	7	64	4	0
482	12	231	4	0
205	10	438	4	0
345	5	323	4	0
178	12	224	4	0
177	1	178	4	0
244	1	129	4	0
132	10	442	4	0
363	10	434	4	0
307	5	325	4	0
180	3	111	4	0
179	10	438	4	0
122	1	69	4	0
276	10	438	4	0
482	12	53	4	0
168	10	438	4	0
52	12	271	4	0
149	1	150	4	0
482	12	190	4	0
188	10	438	4	0
18	1	19	4	0
63	1	64	4	0
7	3	10	4	0
403	8	400	4	0
202	10	439	4	0
364	5	325	4	0
283	10	439	4	0
238	10	439	4	0
90	1	69	4	0
54	10	436	4	0
201	10	437	4	0
302	5	323	4	0
339	10	434	4	0
348	5	322	4	0
264	10	434	4	0
303	3	296	4	0
63	3	297	4	0
342	5	328	4	0
352	5	325	4	0
351	5	326	4	0
169	10	438	4	0
282	1	69	4	0
342	5	327	4	0
85	10	436	4	0
362	5	325	4	0
208	3	10	4	0
7	0	8	4	0
182	1	53	4	0
362	5	322	4	0
143	10	438	4	0
359	5	326	4	0
352	5	322	4	0
173	10	439	4	0
361	10	434	4	0
148	1	131	4	0
124	10	439	4	0
242	1	150	4	0
358	10	434	4	0
284	10	439	4	0
241	10	438	4	0
279	1	58	4	0
189	1	139	4	0
308	7	306	4	0
140	1	69	4	0
349	5	322	4	0
475	11	458	4	0
155	10	439	4	0
309	5	323	4	0
130	1	131	4	0
229	1	139	4	0
344	10	434	4	0
482	12	235	4	0
370	5	320	4	0
433	11	459	4	0
363	5	323	4	0
366	11	461	4	0
278	10	451	4	0
222	1	50	4	0
255	10	436	4	0
302	5	325	4	0
111	10	443	4	0
368	7	297	4	0
230	1	48	4	0
41	1	42	4	0
351	5	323	4	0
180	10	445	4	0
260	10	441	4	0
473	11	474	5	0
429	9	430	5	0
482	12	480	5	0
3	0	4	5	0
33	0	34	5	0
452	10	439	5	0
334	5	320	5	0
26	1	27	5	0
423	9	427	5	0
166	1	139	5	0
87	1	190	5	0
482	12	477	5	0
52	12	121	5	0
3	1	5	5	0
92	1	193	5	0
117	10	441	5	0
26	0	27	5	0
205	10	439	5	0
485	14	493	5	0
299	12	479	5	0
276	1	131	5	0
153	1	87	5	0
132	1	133	5	0
168	1	139	5	0
52	12	149	5	0
18	0	19	5	0
276	10	439	5	0
282	10	438	5	0
360	5	322	5	0
156	1	32	5	0
336	5	318	5	0
204	12	203	5	0
452	10	438	5	0
209	1	133	5	0
189	10	439	5	0
168	10	439	5	0
202	10	451	5	0
169	10	439	5	0
364	10	434	5	0
364	5	324	5	0
52	12	216	5	0
284	1	81	5	0
93	1	62	5	0
252	1	223	5	0
370	5	321	5	0
350	5	340	5	0
202	1	139	5	0
433	11	461	5	0
143	10	439	5	0
433	11	460	5	0
7	1	8	5	0
217	10	439	5	0
234	1	235	5	0
3	0	5	5	0
342	5	323	5	0
287	5	321	5	0
405	8	400	5	0
359	5	324	5	0
302	5	328	5	0
356	5	357	5	0
365	5	325	5	0
148	10	438	5	0
226	10	439	5	0
365	5	323	5	0
52	12	242	5	0
255	1	223	5	0
272	10	439	5	0
429	9	430	5	0
128	10	438	5	0
198	10	438	5	0
222	1	120	5	0
125	1	48	5	0
245	1	48	5	0
264	5	324	5	0
194	3	8	5	0
194	3	9	5	0
268	10	436	5	0
358	5	322	5	0
140	10	438	5	0
178	12	177	5	0
101	12	179	5	0
358	5	327	5	0
30	3	10	5	0
365	5	326	5	0
309	5	322	5	0
307	5	324	5	0
289	3	64	5	0
305	5	326	5	0
277	1	47	5	0
345	5	328	5	0
332	5	330	5	0
207	3	10	5	0
362	5	323	5	0
54	1	48	5	0
93	10	436	5	0
138	1	139	5	0
299	12	191	5	0
217	1	129	5	0
33	1	34	5	0
36	3	10	5	0
239	10	436	5	0
126	1	115	5	0
165	10	439	5	0
351	10	434	5	0
244	10	439	5	0
262	1	210	5	0
12	0	13	5	0
350	5	325	5	0
14	3	10	5	0
151	10	439	5	0
365	5	322	5	0
299	12	478	5	0
395	7	306	5	0
52	12	263	5	0
299	5	328	5	0
249	1	139	5	0
122	10	438	5	0
105	10	438	5	0
187	1	137	5	0
165	10	438	5	0
148	10	439	5	0
341	5	338	5	0
105	1	106	5	0
366	5	353	5	0
359	10	434	5	0
264	5	322	5	0
167	1	139	5	0
260	1	270	5	0
279	1	196	5	0
350	5	322	5	0
159	10	439	5	0
299	5	324	5	0
155	1	139	5	0
199	1	108	5	0
12	1	13	5	0
348	5	323	5	0
151	1	129	5	0
360	5	324	5	0
205	1	139	5	0
332	9	408	5	0
431	9	422	5	0
301	10	448	5	0
201	3	64	5	0
350	5	323	5	0
299	12	236	5	0
31	1	32	5	0
363	5	327	5	0
405	8	400	5	0
215	1	8	5	0
299	5	325	5	0
278	10	439	5	0
347	5	325	5	0
203	1	204	5	0
203	10	438	5	0
342	10	434	5	0
344	5	322	5	0
404	8	402	5	0
56	1	48	5	0
0	1	15	5	0
102	1	103	5	0
360	5	327	5	0
358	5	326	5	0
263	1	150	5	0
20	3	10	5	0
85	1	48	5	0
173	1	106	5	0
394	7	306	5	0
7	3	8	5	0
404	8	400	5	0
305	5	322	5	0
426	9	427	5	0
227	1	46	5	0
177	10	438	5	0
348	5	325	5	0
179	1	101	5	0
23	0	24	5	0
155	10	438	5	0
243	1	147	5	0
183	1	137	5	0
252	10	436	5	0
312	4	313	5	0
12	0	37	5	0
350	10	434	5	0
224	1	178	5	0
173	10	438	5	0
475	11	461	5	0
272	1	185	5	0
359	5	322	5	0
68	1	69	5	0
187	10	439	5	0
42	5	326	5	0
456	10	439	5	0
119	10	445	5	0
475	11	463	5	0
347	5	324	5	0
348	10	434	5	0
283	10	438	5	0
360	5	323	5	0
299	5	326	5	0
7	10	445	5	0
184	10	451	5	0
167	10	438	5	0
9	3	10	5	0
344	5	324	5	0
254	10	436	5	0
238	10	438	5	0
307	5	322	5	0
299	12	232	5	0
259	1	223	5	0
88	1	70	5	0
315	4	314	5	0
3	0	6	5	0
406	8	400	5	0
29	3	15	5	0
180	10	444	5	0
275	1	103	5	0
98	10	438	5	0
299	12	197	5	0
9	5	10	5	0
80	1	81	5	0
262	10	442	5	0
299	12	53	5	0
347	5	322	5	0
309	10	434	5	0
3	1	6	5	0
264	5	325	5	0
366	11	460	5	0
299	12	195	5	0
358	5	324	5	0
166	10	439	5	0
271	1	52	5	0
344	5	328	5	0
241	10	439	5	0
137	12	187	5	0
14	0	16	5	0
213	10	438	5	0
361	5	324	5	0
215	1	9	5	0
239	1	240	5	0
119	3	64	5	0
146	1	129	5	0
369	5	354	5	0
364	5	327	5	0
482	12	233	5	0
229	10	438	5	0
130	10	439	5	0
406	8	400	5	0
121	1	52	5	0
482	12	197	5	0
29	3	10	5	0
123	1	64	5	0
264	5	328	5	0
287	5	335	5	0
244	10	438	5	0
92	10	446	5	0
339	5	324	5	0
63	3	64	5	0
299	5	323	5	0
349	5	325	5	0
196	1	197	5	0
258	1	50	5	0
362	5	324	5	0
194	1	9	5	0
254	1	223	5	0
404	8	400	5	0
299	12	233	5	0
349	10	434	5	0
309	5	325	5	0
102	10	436	5	0
7	1	9	5	0
7	10	444	5	0
359	5	323	5	0
404	8	400	5	0
361	5	340	5	0
367	5	357	5	0
90	10	438	5	0
361	5	325	5	0
349	5	323	5	0
482	12	478	5	0
345	5	327	5	0
68	10	438	5	0
351	5	325	5	0
246	10	446	5	0
14	3	15	5	0
179	10	439	5	0
349	5	324	5	0
268	1	116	5	0
299	5	322	5	0
42	10	434	5	0
432	9	425	5	0
238	1	129	5	0
188	10	439	5	0
110	3	10	5	0
125	10	436	5	0
264	5	327	5	0
242	1	52	5	0
352	10	434	5	0
183	10	439	5	0
344	5	325	5	0
31	0	32	5	0
250	10	444	5	0
42	5	328	5	0
177	10	439	5	0
68	10	439	5	0
123	12	95	5	0
283	1	139	5	0
159	10	451	5	0
201	10	437	5	0
347	10	434	5	0
362	10	434	5	0
349	5	340	5	0
345	5	322	5	0
314	4	315	5	0
361	5	322	5	0
74	1	75	5	0
348	5	324	5	0
307	5	328	5	0
287	5	354	5	0
426	9	428	5	0
309	5	324	5	0
14	1	16	5	0
403	8	400	5	0
482	12	186	5	0
359	5	327	5	0
341	5	318	5	0
123	12	172	5	0
141	10	437	5	0
124	10	438	5	0
161	1	176	5	0
299	12	477	5	0
20	3	15	5	0
363	5	325	5	0
140	10	439	5	0
122	10	439	5	0
351	5	328	5	0
269	10	441	5	0
98	10	439	5	0
264	5	326	5	0
12	1	37	5	0
142	10	438	5	0
305	5	324	5	0
282	10	439	5	0
241	1	139	5	0
159	1	81	5	0
42	5	324	5	0
305	5	325	5	0
127	1	123	5	0
130	10	438	5	0
365	10	434	5	0
362	5	326	5	0
351	5	322	5	0
279	1	120	5	0
339	5	325	5	0
473	11	463	5	0
302	5	322	5	0
14	0	15	5	0
100	10	438	5	0
137	12	183	5	0
110	3	8	5	0
249	10	439	5	0
189	10	438	5	0
184	1	185	5	0
299	10	434	5	0
154	1	129	5	0
249	10	438	5	0
176	3	294	5	0
362	5	327	5	0
184	10	439	5	0
347	5	327	5	0
207	3	8	5	0
192	1	193	5	0
98	1	69	5	0
302	5	327	5	0
14	1	15	5	0
347	5	323	5	0
336	5	337	5	0
128	1	129	5	0
366	11	458	5	0
216	1	150	5	0
226	10	438	5	0
136	1	137	5	0
200	10	444	5	0
364	5	322	5	0
180	3	64	5	0
224	10	439	5	0
142	1	129	5	0
299	12	186	5	0
284	10	438	5	0
299	12	481	5	0
302	5	324	5	0
224	10	438	5	0
363	5	322	5	0
9	1	10	5	0
213	1	81	5	0
138	10	438	5	0
339	5	322	5	0
198	1	129	5	0
288	3	64	5	0
165	1	129	5	0
143	1	129	5	0
309	5	328	5	0
366	11	459	5	0
170	1	9	5	0
482	12	232	5	0
40	3	10	5	0
90	10	439	5	0
405	8	402	5	0
227	1	47	5	0
303	3	298	5	0
71	3	11	5	0
161	10	442	5	0
128	10	439	5	0
431	9	422	5	0
475	11	460	5	0
363	5	324	5	0
365	5	324	5	0
123	12	127	5	0
7	0	9	5	0
309	5	327	5	0
352	5	323	5	0
345	5	325	5	0
154	10	438	5	0
345	10	434	5	0
203	10	439	5	0
100	1	101	5	0
307	5	326	5	0
198	10	439	5	0
426	9	428	5	0
167	10	439	5	0
358	5	325	5	0
365	5	340	5	0
406	8	400	5	0
199	1	77	5	0
149	1	52	5	0
369	5	338	5	0
258	1	50	5	0
261	1	59	5	0
226	1	131	5	0
209	10	450	5	0
100	10	439	5	0
456	10	438	5	0
17	3	83	5	0
222	1	234	5	0
403	8	400	5	0
365	5	327	5	0
288	10	445	5	0
305	10	434	5	0
80	10	439	5	0
12	1	38	5	0
305	5	323	5	0
269	1	270	5	0
230	1	48	5	0
280	1	52	5	0
137	12	278	5	0
275	10	436	5	0
299	12	480	5	0
78	10	448	5	0
88	8	396	5	0
350	5	324	5	0
246	1	193	5	0
42	5	322	5	0
482	12	479	5	0
188	1	139	5	0
29	1	15	5	0
289	10	445	5	0
222	1	47	5	0
52	12	280	5	0
137	12	136	5	0
12	0	38	5	0
229	10	439	5	0
146	10	438	5	0
475	11	459	5	0
349	5	327	5	0
299	12	235	5	0
277	10	436	5	0
42	5	325	5	0
299	5	327	5	0
61	1	62	5	0
88	3	296	5	0
352	5	328	5	0
423	9	424	5	0
56	1	48	5	0
334	5	335	5	0
343	5	318	5	0
216	1	52	5	0
313	4	312	5	0
342	5	325	5	0
263	1	52	5	0
169	1	101	5	0
146	10	439	5	0
482	12	481	5	0
344	5	323	5	0
332	5	318	5	0
299	12	231	5	0
345	5	324	5	0
272	10	438	5	0
307	5	327	5	0
264	5	323	5	0
124	1	81	5	0
3	1	4	5	0
192	10	446	5	0
74	10	444	5	0
342	5	322	5	0
208	3	8	5	0
172	1	123	5	0
9	10	443	5	0
138	10	439	5	0
52	1	53	5	0
151	10	438	5	0
278	1	137	5	0
7	0	10	5	0
21	1	22	5	0
166	10	438	5	0
80	10	438	5	0
126	3	296	5	0
482	12	236	5	0
142	10	439	5	0
358	5	323	5	0
256	1	223	5	0
351	5	327	5	0
302	10	434	5	0
245	10	436	5	0
105	10	439	5	0
237	1	186	5	0
433	11	458	5	0
101	12	100	5	0
154	10	439	5	0
341	5	330	5	0
74	3	294	5	0
360	10	434	5	0
359	5	325	5	0
280	1	150	5	0
361	5	323	5	0
364	5	323	5	0
117	1	95	5	0
482	12	195	5	0
339	5	340	5	0
42	5	327	5	0
352	5	324	5	0
307	5	323	5	0
360	5	325	5	0
42	5	323	5	0
101	12	169	5	0
0	1	16	5	0
299	12	190	5	0
217	10	438	5	0
405	8	400	5	0
23	1	24	5	0
17	3	10	5	0
136	10	439	5	0
360	5	326	5	0
61	10	436	5	0
482	12	191	5	0
21	0	22	5	0
364	5	340	5	0
349	5	326	5	0
339	5	323	5	0
213	10	439	5	0
287	5	331	5	0
368	7	64	5	0
482	12	231	5	0
205	10	438	5	0
345	5	323	5	0
178	12	224	5	0
177	1	178	5	0
244	1	129	5	0
132	10	442	5	0
363	10	434	5	0
307	5	325	5	0
179	10	438	5	0
122	1	69	5	0
276	10	438	5	0
482	12	53	5	0
168	10	438	5	0
52	12	271	5	0
149	1	150	5	0
482	12	190	5	0
188	10	438	5	0
18	1	19	5	0
63	1	64	5	0
7	3	10	5	0
403	8	400	5	0
202	10	439	5	0
30	3	8	5	0
364	5	325	5	0
283	10	439	5	0
238	10	439	5	0
90	1	69	5	0
54	10	436	5	0
201	10	437	5	0
302	5	323	5	0
339	10	434	5	0
348	5	322	5	0
264	10	434	5	0
303	3	296	5	0
342	5	328	5	0
352	5	325	5	0
351	5	326	5	0
169	10	438	5	0
282	1	69	5	0
342	5	327	5	0
85	10	436	5	0
362	5	325	5	0
208	3	10	5	0
7	0	8	5	0
182	1	53	5	0
362	5	322	5	0
143	10	438	5	0
359	5	326	5	0
352	5	322	5	0
173	10	439	5	0
361	10	434	5	0
148	1	131	5	0
124	10	439	5	0
242	1	150	5	0
358	10	434	5	0
284	10	439	5	0
241	10	438	5	0
279	1	58	5	0
189	1	139	5	0
308	7	306	5	0
140	1	69	5	0
349	5	322	5	0
475	11	458	5	0
155	10	439	5	0
309	5	323	5	0
130	1	131	5	0
229	1	139	5	0
344	10	434	5	0
482	12	235	5	0
370	5	320	5	0
433	11	459	5	0
40	3	15	5	0
363	5	323	5	0
366	11	461	5	0
278	10	451	5	0
222	1	50	5	0
255	10	436	5	0
302	5	325	5	0
194	1	8	5	0
230	1	48	5	0
41	1	42	5	0
351	5	323	5	0
180	10	445	5	0
260	10	441	5	0
473	11	474	6	0
429	9	430	6	0
482	12	480	6	0
3	0	4	6	0
33	0	34	6	0
452	10	439	6	0
334	5	320	6	0
26	1	27	6	0
423	9	427	6	0
166	1	139	6	0
87	1	190	6	0
482	12	477	6	0
52	12	121	6	0
3	1	5	6	0
92	1	193	6	0
117	10	441	6	0
26	0	27	6	0
205	10	439	6	0
299	12	479	6	0
276	1	131	6	0
153	1	87	6	0
132	1	133	6	0
168	1	139	6	0
52	12	149	6	0
18	0	19	6	0
276	10	439	6	0
282	10	438	6	0
360	5	322	6	0
156	1	32	6	0
336	5	318	6	0
204	12	203	6	0
452	10	438	6	0
209	1	133	6	0
189	10	439	6	0
168	10	439	6	0
202	10	451	6	0
169	10	439	6	0
364	10	434	6	0
364	5	324	6	0
52	12	216	6	0
284	1	81	6	0
93	1	62	6	0
252	1	223	6	0
363	5	326	6	0
370	5	321	6	0
350	5	340	6	0
202	1	139	6	0
433	11	461	6	0
143	10	439	6	0
433	11	460	6	0
7	1	8	6	0
217	10	439	6	0
234	1	235	6	0
3	0	5	6	0
342	5	323	6	0
287	5	321	6	0
405	8	400	6	0
359	5	324	6	0
302	5	328	6	0
356	5	357	6	0
365	5	325	6	0
148	10	438	6	0
226	10	439	6	0
365	5	323	6	0
52	12	242	6	0
255	1	223	6	0
272	10	439	6	0
429	9	430	6	0
128	10	438	6	0
198	10	438	6	0
222	1	120	6	0
125	1	48	6	0
245	1	48	6	0
264	5	324	6	0
194	3	8	6	0
268	10	436	6	0
358	5	322	6	0
140	10	438	6	0
178	12	177	6	0
101	12	179	6	0
358	5	327	6	0
365	5	326	6	0
309	5	322	6	0
307	5	324	6	0
289	3	64	6	0
305	5	326	6	0
277	1	47	6	0
345	5	328	6	0
332	5	330	6	0
362	5	323	6	0
54	1	48	6	0
93	10	436	6	0
138	1	139	6	0
299	12	191	6	0
217	1	129	6	0
33	1	34	6	0
239	10	436	6	0
126	1	115	6	0
165	10	439	6	0
351	10	434	6	0
244	10	439	6	0
302	5	326	6	0
262	1	210	6	0
12	0	13	6	0
350	5	325	6	0
151	10	439	6	0
365	5	322	6	0
299	12	478	6	0
395	7	306	6	0
52	12	263	6	0
299	5	328	6	0
249	1	139	6	0
122	10	438	6	0
105	10	438	6	0
187	1	137	6	0
165	10	438	6	0
148	10	439	6	0
341	5	338	6	0
105	1	106	6	0
366	5	353	6	0
359	10	434	6	0
264	5	322	6	0
167	1	139	6	0
260	1	270	6	0
279	1	196	6	0
350	5	322	6	0
159	10	439	6	0
299	5	324	6	0
155	1	139	6	0
199	1	108	6	0
12	1	13	6	0
348	5	323	6	0
151	1	129	6	0
360	5	324	6	0
205	1	139	6	0
332	9	408	6	0
431	9	422	6	0
301	10	448	6	0
201	3	64	6	0
350	5	323	6	0
299	12	236	6	0
31	1	32	6	0
363	5	327	6	0
405	8	400	6	0
215	1	8	6	0
299	5	325	6	0
278	10	439	6	0
347	5	325	6	0
203	1	204	6	0
203	10	438	6	0
342	10	434	6	0
344	5	322	6	0
404	8	402	6	0
56	1	48	6	0
0	1	15	6	0
102	1	103	6	0
360	5	327	6	0
358	5	326	6	0
263	1	150	6	0
85	1	48	6	0
173	1	106	6	0
394	7	306	6	0
7	3	8	6	0
404	8	400	6	0
305	5	322	6	0
426	9	427	6	0
227	1	46	6	0
177	10	438	6	0
348	5	325	6	0
179	1	101	6	0
23	0	24	6	0
155	10	438	6	0
243	1	147	6	0
183	1	137	6	0
252	10	436	6	0
312	4	313	6	0
12	0	37	6	0
350	10	434	6	0
224	1	178	6	0
173	10	438	6	0
475	11	461	6	0
272	1	185	6	0
359	5	322	6	0
68	1	69	6	0
187	10	439	6	0
42	5	326	6	0
456	10	439	6	0
119	10	445	6	0
475	11	463	6	0
347	5	324	6	0
348	10	434	6	0
283	10	438	6	0
360	5	323	6	0
299	5	326	6	0
7	10	445	6	0
184	10	451	6	0
167	10	438	6	0
344	5	324	6	0
254	10	436	6	0
238	10	438	6	0
307	5	322	6	0
299	12	232	6	0
259	1	223	6	0
88	1	70	6	0
315	4	314	6	0
3	0	6	6	0
406	8	400	6	0
29	3	15	6	0
180	10	444	6	0
275	1	103	6	0
98	10	438	6	0
299	12	197	6	0
80	1	81	6	0
262	10	442	6	0
299	12	53	6	0
347	5	322	6	0
309	10	434	6	0
3	1	6	6	0
264	5	325	6	0
366	11	460	6	0
299	12	195	6	0
358	5	324	6	0
166	10	439	6	0
271	1	52	6	0
344	5	328	6	0
241	10	439	6	0
137	12	187	6	0
213	10	438	6	0
361	5	324	6	0
239	1	240	6	0
119	3	64	6	0
146	1	129	6	0
369	5	354	6	0
364	5	327	6	0
482	12	233	6	0
229	10	438	6	0
130	10	439	6	0
406	8	400	6	0
121	1	52	6	0
482	12	197	6	0
123	1	64	6	0
264	5	328	6	0
287	5	335	6	0
244	10	438	6	0
92	10	446	6	0
339	5	324	6	0
63	3	64	6	0
299	5	323	6	0
349	5	325	6	0
196	1	197	6	0
258	1	50	6	0
362	5	324	6	0
254	1	223	6	0
404	8	400	6	0
299	12	233	6	0
349	10	434	6	0
309	5	325	6	0
102	10	436	6	0
7	10	444	6	0
359	5	323	6	0
404	8	400	6	0
361	5	340	6	0
367	5	357	6	0
90	10	438	6	0
361	5	325	6	0
349	5	323	6	0
482	12	478	6	0
345	5	327	6	0
68	10	438	6	0
351	5	325	6	0
246	10	446	6	0
14	3	15	6	0
179	10	439	6	0
349	5	324	6	0
268	1	116	6	0
299	5	322	6	0
42	10	434	6	0
432	9	425	6	0
347	5	326	6	0
238	1	129	6	0
188	10	439	6	0
125	10	436	6	0
264	5	327	6	0
242	1	52	6	0
352	10	434	6	0
183	10	439	6	0
344	5	325	6	0
31	0	32	6	0
250	10	444	6	0
42	5	328	6	0
177	10	439	6	0
68	10	439	6	0
123	12	95	6	0
283	1	139	6	0
159	10	451	6	0
201	10	437	6	0
347	10	434	6	0
362	10	434	6	0
349	5	340	6	0
345	5	322	6	0
314	4	315	6	0
361	5	322	6	0
74	1	75	6	0
348	5	324	6	0
307	5	328	6	0
287	5	354	6	0
426	9	428	6	0
309	5	324	6	0
403	8	400	6	0
482	12	186	6	0
359	5	327	6	0
341	5	318	6	0
123	12	172	6	0
141	10	437	6	0
124	10	438	6	0
161	1	176	6	0
299	12	477	6	0
20	3	15	6	0
363	5	325	6	0
140	10	439	6	0
122	10	439	6	0
351	5	328	6	0
269	10	441	6	0
98	10	439	6	0
264	5	326	6	0
12	1	37	6	0
142	10	438	6	0
305	5	324	6	0
282	10	439	6	0
241	1	139	6	0
159	1	81	6	0
42	5	324	6	0
305	5	325	6	0
127	1	123	6	0
130	10	438	6	0
365	10	434	6	0
362	5	326	6	0
351	5	322	6	0
279	1	120	6	0
339	5	325	6	0
473	11	463	6	0
302	5	322	6	0
14	0	15	6	0
100	10	438	6	0
137	12	183	6	0
110	3	8	6	0
249	10	439	6	0
189	10	438	6	0
184	1	185	6	0
299	10	434	6	0
154	1	129	6	0
249	10	438	6	0
176	3	294	6	0
362	5	327	6	0
184	10	439	6	0
347	5	327	6	0
207	3	8	6	0
192	1	193	6	0
98	1	69	6	0
302	5	327	6	0
14	1	15	6	0
347	5	323	6	0
336	5	337	6	0
128	1	129	6	0
366	11	458	6	0
216	1	150	6	0
226	10	438	6	0
136	1	137	6	0
200	10	444	6	0
364	5	322	6	0
180	3	64	6	0
224	10	439	6	0
142	1	129	6	0
299	12	186	6	0
284	10	438	6	0
299	12	481	6	0
302	5	324	6	0
224	10	438	6	0
363	5	322	6	0
213	1	81	6	0
138	10	438	6	0
339	5	322	6	0
198	1	129	6	0
288	3	64	6	0
165	1	129	6	0
143	1	129	6	0
309	5	328	6	0
366	11	459	6	0
170	1	9	6	0
482	12	232	6	0
90	10	439	6	0
405	8	402	6	0
227	1	47	6	0
303	3	298	6	0
71	3	11	6	0
161	10	442	6	0
128	10	439	6	0
431	9	422	6	0
475	11	460	6	0
363	5	324	6	0
365	5	324	6	0
123	12	127	6	0
309	5	327	6	0
352	5	323	6	0
345	5	325	6	0
154	10	438	6	0
345	10	434	6	0
203	10	439	6	0
100	1	101	6	0
307	5	326	6	0
198	10	439	6	0
426	9	428	6	0
167	10	439	6	0
358	5	325	6	0
365	5	340	6	0
406	8	400	6	0
83	5	322	6	0
83	10	434	6	0
199	1	77	6	0
149	1	52	6	0
369	5	338	6	0
258	1	50	6	0
261	1	59	6	0
226	1	131	6	0
209	10	450	6	0
100	10	439	6	0
456	10	438	6	0
17	3	83	6	0
222	1	234	6	0
403	8	400	6	0
365	5	327	6	0
288	10	445	6	0
305	10	434	6	0
80	10	439	6	0
12	1	38	6	0
305	5	323	6	0
269	1	270	6	0
230	1	48	6	0
280	1	52	6	0
137	12	278	6	0
275	10	436	6	0
299	12	480	6	0
78	10	448	6	0
88	8	396	6	0
350	5	324	6	0
246	1	193	6	0
42	5	322	6	0
482	12	479	6	0
188	1	139	6	0
29	1	15	6	0
289	10	445	6	0
222	1	47	6	0
52	12	280	6	0
137	12	136	6	0
12	0	38	6	0
229	10	439	6	0
146	10	438	6	0
475	11	459	6	0
349	5	327	6	0
299	12	235	6	0
277	10	436	6	0
42	5	325	6	0
299	5	327	6	0
61	1	62	6	0
88	3	296	6	0
352	5	328	6	0
423	9	424	6	0
56	1	48	6	0
334	5	335	6	0
343	5	318	6	0
216	1	52	6	0
313	4	312	6	0
342	5	325	6	0
83	5	323	6	0
263	1	52	6	0
169	1	101	6	0
146	10	439	6	0
482	12	481	6	0
344	5	323	6	0
332	5	318	6	0
299	12	231	6	0
345	5	324	6	0
272	10	438	6	0
307	5	327	6	0
264	5	323	6	0
124	1	81	6	0
3	1	4	6	0
192	10	446	6	0
74	10	444	6	0
342	5	322	6	0
208	3	8	6	0
172	1	123	6	0
138	10	439	6	0
52	1	53	6	0
151	10	438	6	0
278	1	137	6	0
21	1	22	6	0
166	10	438	6	0
80	10	438	6	0
126	3	296	6	0
482	12	236	6	0
142	10	439	6	0
358	5	323	6	0
256	1	223	6	0
351	5	327	6	0
302	10	434	6	0
245	10	436	6	0
105	10	439	6	0
237	1	186	6	0
433	11	458	6	0
101	12	100	6	0
154	10	439	6	0
341	5	330	6	0
74	3	294	6	0
360	10	434	6	0
359	5	325	6	0
280	1	150	6	0
361	5	323	6	0
364	5	323	6	0
117	1	95	6	0
482	12	195	6	0
339	5	340	6	0
42	5	327	6	0
352	5	324	6	0
307	5	323	6	0
360	5	325	6	0
42	5	323	6	0
101	12	169	6	0
299	12	190	6	0
217	10	438	6	0
405	8	400	6	0
23	1	24	6	0
136	10	439	6	0
360	5	326	6	0
61	10	436	6	0
482	12	191	6	0
21	0	22	6	0
364	5	340	6	0
349	5	326	6	0
339	5	323	6	0
213	10	439	6	0
287	5	331	6	0
368	7	64	6	0
482	12	231	6	0
205	10	438	6	0
345	5	323	6	0
178	12	224	6	0
177	1	178	6	0
244	1	129	6	0
132	10	442	6	0
363	10	434	6	0
307	5	325	6	0
179	10	438	6	0
122	1	69	6	0
276	10	438	6	0
482	12	53	6	0
168	10	438	6	0
52	12	271	6	0
149	1	150	6	0
482	12	190	6	0
188	10	438	6	0
18	1	19	6	0
63	1	64	6	0
403	8	400	6	0
202	10	439	6	0
30	3	8	6	0
364	5	325	6	0
283	10	439	6	0
238	10	439	6	0
90	1	69	6	0
54	10	436	6	0
201	10	437	6	0
302	5	323	6	0
339	10	434	6	0
348	5	322	6	0
264	10	434	6	0
303	3	296	6	0
342	5	328	6	0
352	5	325	6	0
351	5	326	6	0
169	10	438	6	0
282	1	69	6	0
342	5	327	6	0
85	10	436	6	0
362	5	325	6	0
83	5	324	6	0
7	0	8	6	0
182	1	53	6	0
362	5	322	6	0
143	10	438	6	0
359	5	326	6	0
352	5	322	6	0
173	10	439	6	0
361	10	434	6	0
148	1	131	6	0
124	10	439	6	0
242	1	150	6	0
358	10	434	6	0
284	10	439	6	0
241	10	438	6	0
279	1	58	6	0
189	1	139	6	0
308	7	306	6	0
140	1	69	6	0
349	5	322	6	0
475	11	458	6	0
155	10	439	6	0
309	5	323	6	0
130	1	131	6	0
229	1	139	6	0
344	10	434	6	0
482	12	235	6	0
370	5	320	6	0
433	11	459	6	0
40	3	15	6	0
363	5	323	6	0
366	11	461	6	0
278	10	451	6	0
222	1	50	6	0
255	10	436	6	0
302	5	325	6	0
194	1	8	6	0
230	1	48	6	0
41	1	42	6	0
351	5	323	6	0
180	10	445	6	0
260	10	441	6	0
473	11	474	7	0
429	9	430	7	0
482	12	480	7	0
3	0	4	7	0
33	0	34	7	0
452	10	439	7	0
334	5	320	7	0
26	1	27	7	0
423	9	427	7	0
166	1	139	7	0
87	1	190	7	0
482	12	477	7	0
52	12	121	7	0
3	1	5	7	0
92	1	193	7	0
117	10	441	7	0
26	0	27	7	0
205	10	439	7	0
299	12	479	7	0
276	1	131	7	0
153	1	87	7	0
132	1	133	7	0
168	1	139	7	0
52	12	149	7	0
18	0	19	7	0
276	10	439	7	0
282	10	438	7	0
360	5	322	7	0
156	1	32	7	0
336	5	318	7	0
204	12	203	7	0
452	10	438	7	0
209	1	133	7	0
189	10	439	7	0
168	10	439	7	0
202	10	451	7	0
169	10	439	7	0
364	10	434	7	0
364	5	324	7	0
52	12	216	7	0
284	1	81	7	0
93	1	62	7	0
252	1	223	7	0
363	5	326	7	0
370	5	321	7	0
350	5	340	7	0
202	1	139	7	0
433	11	461	7	0
143	10	439	7	0
433	11	460	7	0
83	5	326	7	0
7	1	8	7	0
217	10	439	7	0
234	1	235	7	0
3	0	5	7	0
342	5	323	7	0
287	5	321	7	0
405	8	400	7	0
359	5	324	7	0
302	5	328	7	0
356	5	357	7	0
365	5	325	7	0
148	10	438	7	0
226	10	439	7	0
365	5	323	7	0
52	12	242	7	0
255	1	223	7	0
272	10	439	7	0
429	9	430	7	0
128	10	438	7	0
198	10	438	7	0
222	1	120	7	0
125	1	48	7	0
245	1	48	7	0
264	5	324	7	0
194	3	8	7	0
268	10	436	7	0
358	5	322	7	0
140	10	438	7	0
178	12	177	7	0
101	12	179	7	0
358	5	327	7	0
365	5	326	7	0
309	5	322	7	0
307	5	324	7	0
289	3	64	7	0
305	5	326	7	0
277	1	47	7	0
345	5	328	7	0
332	5	330	7	0
362	5	323	7	0
54	1	48	7	0
93	10	436	7	0
138	1	139	7	0
299	12	191	7	0
217	1	129	7	0
33	1	34	7	0
239	10	436	7	0
126	1	115	7	0
165	10	439	7	0
351	10	434	7	0
244	10	439	7	0
302	5	326	7	0
262	1	210	7	0
12	0	13	7	0
350	5	325	7	0
151	10	439	7	0
365	5	322	7	0
299	12	478	7	0
395	7	306	7	0
52	12	263	7	0
299	5	328	7	0
249	1	139	7	0
122	10	438	7	0
105	10	438	7	0
187	1	137	7	0
165	10	438	7	0
148	10	439	7	0
341	5	338	7	0
105	1	106	7	0
366	5	353	7	0
359	10	434	7	0
264	5	322	7	0
167	1	139	7	0
260	1	270	7	0
279	1	196	7	0
350	5	322	7	0
159	10	439	7	0
299	5	324	7	0
155	1	139	7	0
199	1	108	7	0
12	1	13	7	0
348	5	323	7	0
151	1	129	7	0
360	5	324	7	0
205	1	139	7	0
332	9	408	7	0
431	9	422	7	0
301	10	448	7	0
201	3	64	7	0
350	5	323	7	0
299	12	236	7	0
31	1	32	7	0
363	5	327	7	0
405	8	400	7	0
215	1	8	7	0
299	5	325	7	0
278	10	439	7	0
347	5	325	7	0
203	1	204	7	0
203	10	438	7	0
342	10	434	7	0
344	5	322	7	0
404	8	402	7	0
56	1	48	7	0
0	1	15	7	0
102	1	103	7	0
360	5	327	7	0
358	5	326	7	0
263	1	150	7	0
85	1	48	7	0
173	1	106	7	0
394	7	306	7	0
7	3	8	7	0
404	8	400	7	0
305	5	322	7	0
426	9	427	7	0
227	1	46	7	0
177	10	438	7	0
348	5	325	7	0
179	1	101	7	0
23	0	24	7	0
155	10	438	7	0
243	1	147	7	0
183	1	137	7	0
252	10	436	7	0
312	4	313	7	0
12	0	37	7	0
350	10	434	7	0
224	1	178	7	0
173	10	438	7	0
475	11	461	7	0
272	1	185	7	0
359	5	322	7	0
68	1	69	7	0
187	10	439	7	0
42	5	326	7	0
456	10	439	7	0
119	10	445	7	0
475	11	463	7	0
347	5	324	7	0
348	10	434	7	0
283	10	438	7	0
360	5	323	7	0
299	5	326	7	0
7	10	445	7	0
184	10	451	7	0
167	10	438	7	0
344	5	324	7	0
254	10	436	7	0
238	10	438	7	0
307	5	322	7	0
299	12	232	7	0
259	1	223	7	0
88	1	70	7	0
315	4	314	7	0
3	0	6	7	0
406	8	400	7	0
29	3	15	7	0
180	10	444	7	0
275	1	103	7	0
98	10	438	7	0
299	12	197	7	0
80	1	81	7	0
262	10	442	7	0
299	12	53	7	0
347	5	322	7	0
309	10	434	7	0
3	1	6	7	0
264	5	325	7	0
366	11	460	7	0
299	12	195	7	0
358	5	324	7	0
166	10	439	7	0
271	1	52	7	0
344	5	328	7	0
241	10	439	7	0
137	12	187	7	0
213	10	438	7	0
361	5	324	7	0
239	1	240	7	0
119	3	64	7	0
146	1	129	7	0
369	5	354	7	0
364	5	327	7	0
482	12	233	7	0
229	10	438	7	0
130	10	439	7	0
406	8	400	7	0
121	1	52	7	0
482	12	197	7	0
123	1	64	7	0
264	5	328	7	0
287	5	335	7	0
244	10	438	7	0
92	10	446	7	0
339	5	324	7	0
63	3	64	7	0
299	5	323	7	0
349	5	325	7	0
196	1	197	7	0
258	1	50	7	0
362	5	324	7	0
83	5	325	7	0
254	1	223	7	0
404	8	400	7	0
299	12	233	7	0
349	10	434	7	0
309	5	325	7	0
102	10	436	7	0
7	10	444	7	0
359	5	323	7	0
404	8	400	7	0
361	5	340	7	0
367	5	357	7	0
90	10	438	7	0
361	5	325	7	0
349	5	323	7	0
482	12	478	7	0
345	5	327	7	0
68	10	438	7	0
351	5	325	7	0
246	10	446	7	0
14	3	15	7	0
179	10	439	7	0
349	5	324	7	0
268	1	116	7	0
299	5	322	7	0
42	10	434	7	0
432	9	425	7	0
347	5	326	7	0
238	1	129	7	0
188	10	439	7	0
125	10	436	7	0
264	5	327	7	0
242	1	52	7	0
352	10	434	7	0
183	10	439	7	0
344	5	325	7	0
31	0	32	7	0
250	10	444	7	0
42	5	328	7	0
177	10	439	7	0
68	10	439	7	0
123	12	95	7	0
283	1	139	7	0
159	10	451	7	0
201	10	437	7	0
347	10	434	7	0
362	10	434	7	0
349	5	340	7	0
345	5	322	7	0
314	4	315	7	0
361	5	322	7	0
74	1	75	7	0
348	5	324	7	0
307	5	328	7	0
287	5	354	7	0
426	9	428	7	0
309	5	324	7	0
403	8	400	7	0
482	12	186	7	0
359	5	327	7	0
341	5	318	7	0
123	12	172	7	0
141	10	437	7	0
124	10	438	7	0
161	1	176	7	0
299	12	477	7	0
20	3	15	7	0
363	5	325	7	0
140	10	439	7	0
122	10	439	7	0
351	5	328	7	0
269	10	441	7	0
98	10	439	7	0
264	5	326	7	0
12	1	37	7	0
142	10	438	7	0
305	5	324	7	0
282	10	439	7	0
241	1	139	7	0
159	1	81	7	0
42	5	324	7	0
305	5	325	7	0
127	1	123	7	0
130	10	438	7	0
365	10	434	7	0
362	5	326	7	0
351	5	322	7	0
279	1	120	7	0
339	5	325	7	0
473	11	463	7	0
302	5	322	7	0
14	0	15	7	0
100	10	438	7	0
137	12	183	7	0
110	3	8	7	0
249	10	439	7	0
189	10	438	7	0
184	1	185	7	0
299	10	434	7	0
154	1	129	7	0
249	10	438	7	0
176	3	294	7	0
362	5	327	7	0
184	10	439	7	0
361	5	326	7	0
347	5	327	7	0
207	3	8	7	0
192	1	193	7	0
98	1	69	7	0
302	5	327	7	0
14	1	15	7	0
347	5	323	7	0
336	5	337	7	0
128	1	129	7	0
366	11	458	7	0
216	1	150	7	0
226	10	438	7	0
136	1	137	7	0
200	10	444	7	0
364	5	322	7	0
180	3	64	7	0
224	10	439	7	0
142	1	129	7	0
299	12	186	7	0
284	10	438	7	0
299	12	481	7	0
302	5	324	7	0
224	10	438	7	0
363	5	322	7	0
305	5	327	7	0
213	1	81	7	0
138	10	438	7	0
339	5	322	7	0
198	1	129	7	0
288	3	64	7	0
165	1	129	7	0
143	1	129	7	0
309	5	328	7	0
366	11	459	7	0
170	1	9	7	0
482	12	232	7	0
90	10	439	7	0
405	8	402	7	0
227	1	47	7	0
303	3	298	7	0
71	3	11	7	0
161	10	442	7	0
128	10	439	7	0
431	9	422	7	0
475	11	460	7	0
363	5	324	7	0
365	5	324	7	0
123	12	127	7	0
309	5	327	7	0
352	5	323	7	0
345	5	325	7	0
154	10	438	7	0
345	10	434	7	0
203	10	439	7	0
100	1	101	7	0
307	5	326	7	0
198	10	439	7	0
426	9	428	7	0
167	10	439	7	0
358	5	325	7	0
365	5	340	7	0
406	8	400	7	0
83	5	322	7	0
83	10	434	7	0
199	1	77	7	0
149	1	52	7	0
369	5	338	7	0
258	1	50	7	0
261	1	59	7	0
226	1	131	7	0
209	10	450	7	0
100	10	439	7	0
456	10	438	7	0
17	3	83	7	0
222	1	234	7	0
403	8	400	7	0
365	5	327	7	0
288	10	445	7	0
305	10	434	7	0
80	10	439	7	0
12	1	38	7	0
305	5	323	7	0
269	1	270	7	0
230	1	48	7	0
280	1	52	7	0
137	12	278	7	0
275	10	436	7	0
299	12	480	7	0
78	10	448	7	0
88	8	396	7	0
350	5	324	7	0
246	1	193	7	0
42	5	322	7	0
482	12	479	7	0
188	1	139	7	0
29	1	15	7	0
289	10	445	7	0
222	1	47	7	0
52	12	280	7	0
137	12	136	7	0
12	0	38	7	0
229	10	439	7	0
146	10	438	7	0
475	11	459	7	0
349	5	327	7	0
299	12	235	7	0
277	10	436	7	0
42	5	325	7	0
299	5	327	7	0
61	1	62	7	0
88	3	296	7	0
352	5	328	7	0
423	9	424	7	0
56	1	48	7	0
334	5	335	7	0
343	5	318	7	0
216	1	52	7	0
313	4	312	7	0
342	5	325	7	0
83	5	323	7	0
263	1	52	7	0
169	1	101	7	0
146	10	439	7	0
482	12	481	7	0
344	5	323	7	0
332	5	318	7	0
299	12	231	7	0
345	5	324	7	0
272	10	438	7	0
307	5	327	7	0
264	5	323	7	0
124	1	81	7	0
3	1	4	7	0
192	10	446	7	0
74	10	444	7	0
342	5	322	7	0
208	3	8	7	0
172	1	123	7	0
138	10	439	7	0
52	1	53	7	0
151	10	438	7	0
278	1	137	7	0
21	1	22	7	0
166	10	438	7	0
80	10	438	7	0
126	3	296	7	0
482	12	236	7	0
142	10	439	7	0
358	5	323	7	0
256	1	223	7	0
351	5	327	7	0
302	10	434	7	0
245	10	436	7	0
105	10	439	7	0
237	1	186	7	0
433	11	458	7	0
101	12	100	7	0
154	10	439	7	0
341	5	330	7	0
74	3	294	7	0
360	10	434	7	0
359	5	325	7	0
280	1	150	7	0
361	5	323	7	0
364	5	323	7	0
117	1	95	7	0
482	12	195	7	0
339	5	340	7	0
42	5	327	7	0
352	5	324	7	0
307	5	323	7	0
348	5	327	7	0
360	5	325	7	0
42	5	323	7	0
101	12	169	7	0
299	12	190	7	0
217	10	438	7	0
405	8	400	7	0
23	1	24	7	0
136	10	439	7	0
360	5	326	7	0
61	10	436	7	0
482	12	191	7	0
21	0	22	7	0
364	5	340	7	0
349	5	326	7	0
339	5	323	7	0
213	10	439	7	0
287	5	331	7	0
368	7	64	7	0
482	12	231	7	0
205	10	438	7	0
345	5	323	7	0
178	12	224	7	0
177	1	178	7	0
244	1	129	7	0
132	10	442	7	0
363	10	434	7	0
307	5	325	7	0
179	10	438	7	0
122	1	69	7	0
276	10	438	7	0
482	12	53	7	0
168	10	438	7	0
52	12	271	7	0
149	1	150	7	0
482	12	190	7	0
188	10	438	7	0
18	1	19	7	0
63	1	64	7	0
403	8	400	7	0
202	10	439	7	0
30	3	8	7	0
364	5	325	7	0
283	10	439	7	0
238	10	439	7	0
90	1	69	7	0
54	10	436	7	0
201	10	437	7	0
302	5	323	7	0
339	10	434	7	0
348	5	322	7	0
264	10	434	7	0
303	3	296	7	0
342	5	328	7	0
352	5	325	7	0
351	5	326	7	0
169	10	438	7	0
282	1	69	7	0
342	5	327	7	0
85	10	436	7	0
362	5	325	7	0
83	5	324	7	0
7	0	8	7	0
182	1	53	7	0
362	5	322	7	0
143	10	438	7	0
359	5	326	7	0
352	5	322	7	0
173	10	439	7	0
361	10	434	7	0
148	1	131	7	0
124	10	439	7	0
242	1	150	7	0
358	10	434	7	0
284	10	439	7	0
241	10	438	7	0
279	1	58	7	0
189	1	139	7	0
308	7	306	7	0
140	1	69	7	0
349	5	322	7	0
475	11	458	7	0
155	10	439	7	0
309	5	323	7	0
130	1	131	7	0
229	1	139	7	0
344	10	434	7	0
482	12	235	7	0
370	5	320	7	0
433	11	459	7	0
40	3	15	7	0
363	5	323	7	0
366	11	461	7	0
278	10	451	7	0
222	1	50	7	0
255	10	436	7	0
302	5	325	7	0
194	1	8	7	0
230	1	48	7	0
41	1	42	7	0
351	5	323	7	0
180	10	445	7	0
260	10	441	7	0
